     0.000000000000    10.000000000000     8.000000000000
     0.010000000000    10.000000000000     8.000000000000
     0.020000000000     9.998411400000     8.000607600000
     0.030000000000     9.995234200000     8.001822800000
     0.040000000000     9.990469498100     8.003644501900
     0.050000000000     9.984119490500     8.006070509500
     0.060000000000     9.976187470402     8.009097529598
     0.070000000000     9.966677825813     8.012721174187
     0.080000000000     9.955596036254     8.016935963746
     0.090000000000     9.942948668369     8.021735331631
     0.100000000000     9.928743370448     8.027111629552
     0.110000000000     9.912988865859     8.033056134141
     0.120000000000     9.895694945399     8.039559054601
     0.130000000000     9.876872458573     8.046609541427
     0.140000000000     9.856533303802     8.054195696198
     0.150000000000     9.834690417572     8.062304582428
     0.160000000000     9.811357762539     8.070922237461
     0.170000000000     9.786550314588     8.080033685412
     0.180000000000     9.760284048874     8.089622951126
     0.190000000000     9.732575924846     8.099673075154
     0.200000000000     9.703443870269     8.110166129731
     0.210000000000     9.672906764267     8.121083235733
     0.220000000000     9.640984419395     8.132404580605
     0.230000000000     9.607697562758     8.144109437242
     0.240000000000     9.573067816202     8.156176183798
     0.250000000000     9.537117675584     8.168582324416
     0.260000000000     9.499870489149     8.181304510851
     0.270000000000     9.461350435039     8.194318564961
     0.280000000000     9.421582497939     8.207599502061
     0.290000000000     9.380592444904     8.221121555096
     0.300000000000     9.338406800372     8.234858199628
     0.310000000000     9.295052820394     8.248782179606
     0.320000000000     9.250558466117     8.262865533883
     0.330000000000     9.204952376518     8.277079623482
     0.340000000000     9.158263840454     8.291395159546
     0.350000000000     9.110522768013     8.305782231987
     0.360000000000     9.061759661232     8.320210338768
     0.370000000000     9.012005584183     8.334648415817
     0.380000000000     8.961292132472     8.349064867528
     0.390000000000     8.909651402177     8.363427597823
     0.400000000000     8.857115958250     8.377704041750
     0.410000000000     8.803718802421     8.391861197579
     0.420000000000     8.749493340633     8.405865659367
     0.430000000000     8.694473350043     8.419683649957
     0.440000000000     8.638692945612     8.433281054388
     0.450000000000     8.582186546332     8.446623453668
     0.460000000000     8.524988841105     8.459676158895
     0.470000000000     8.467134754333     8.472404245667
     0.480000000000     8.408659411219     8.484772588781
     0.490000000000     8.349598102851     8.496745897149
     0.500000000000     8.289986251071     8.508288748929
     0.510000000000     8.229859373189     8.519365626811
     0.520000000000     8.169253046556     8.529940953444
     0.530000000000     8.108202873050     8.539979126950
     0.540000000000     8.046744443497     8.549444556503
     0.550000000000     7.984913302071     8.558301697929
     0.560000000000     7.922744910701     8.566515089299
     0.570000000000     7.860274613529     8.574049386471
     0.580000000000     7.797537601447     8.580869398553
     0.590000000000     7.734568876751     8.586940123249
     0.600000000000     7.671403217954     8.592226782046
     0.610000000000     7.608075144780     8.596694855220
     0.620000000000     7.544618883388     8.600310116612
     0.630000000000     7.481068331851     8.603038668149
     0.640000000000     7.417457025931     8.604846974069
     0.650000000000     7.353818105179     8.605701894821
     0.660000000000     7.290184279401     8.605570720599
     0.670000000000     7.226587795518     8.604421204482
     0.680000000000     7.163060404855     8.602221595145
     0.690000000000     7.099633330897     8.598940669103
     0.700000000000     7.036337237534     8.594547762466
     0.710000000000     6.973202197841     8.589012802159
     0.720000000000     6.910257663409     8.582306336591
     0.730000000000     6.847532434280     8.574399565720
     0.740000000000     6.785054629488     8.565264370512
     0.750000000000     6.722851658261     8.554873341739
     0.760000000000     6.660950191904     8.543199808096
     0.770000000000     6.599376136390     8.530217863610
     0.780000000000     6.538154605683     8.515902394317
     0.790000000000     6.477309895840     8.500229104160
     0.800000000000     6.416865459892     8.483174540108
     0.810000000000     6.356843883547     8.464716116453
     0.820000000000     6.297266861743     8.444832138257
     0.830000000000     6.238155176055     8.423501823945
     0.840000000000     6.179528673006     8.400705326994
     0.850000000000     6.121406243280     8.376423756720
     0.860000000000     6.063805801881     8.350639198119
     0.870000000000     6.006744269239     8.323334730761
     0.880000000000     5.950237553295     8.294494446705
     0.890000000000     5.894300532582     8.264103467418
     0.900000000000     5.838947040316     8.232147959684
     0.910000000000     5.784189849517     8.198615150483
     0.920000000000     5.730040659178     8.163493340822
     0.930000000000     5.676510081489     8.126771918511
     0.940000000000     5.623607630141     8.088441369859
     0.950000000000     5.571341709712     8.048493290288
     0.960000000000     5.519719606152     8.006920393848
     0.970000000000     5.468747478383     7.963716521617
     0.980000000000     5.418430351007     7.918876648993
     0.990000000000     5.368772108153     7.872396891847
     1.000000000000     5.319775488449     7.824274511551
     1.010000000000     5.271442081136     7.774507918864
     1.020000000000     5.223772323334     7.723096676666
     1.030000000000     5.176765498452     7.670041501548
     1.040000000000     5.130419735746     7.615344264254
     1.050000000000     5.084732011041     7.559007988959
     1.060000000000     5.039698148601     7.501036851399
     1.070000000000     4.995312824150     7.441436175850
     1.080000000000     4.951569569050     7.380212430950
     1.090000000000     4.908460775626     7.317373224374
     1.100000000000     4.865977703633     7.252927296367
     1.110000000000     4.824110487865     7.186884512135
     1.120000000000     4.782848146893     7.119255853107
     1.130000000000     4.742178592933     7.050053407067
     1.140000000000     4.702088642826     6.979290357174
     1.150000000000     4.662564030126     6.906980969874
     1.160000000000     4.623589418283     6.833140581717
     1.170000000000     4.585148414910     6.757785585090
     1.180000000000     4.547223587119     6.680933412881
     1.190000000000     4.509796477913     6.602602522087
     1.200000000000     4.472847623620     6.522812376380
     1.210000000000     4.436356572349     6.441583427651
     1.220000000000     4.400301903454     6.358937096546
     1.230000000000     4.364661247987     6.274895752013
     1.240000000000     4.329411310117     6.189482689883
     1.250000000000     4.294527889498     6.102722110502
     1.260000000000     4.259985904569     6.014639095431
     1.270000000000     4.225759416751     5.925259583249
     1.280000000000     4.191821655529     5.834610344471
     1.290000000000     4.158145044389     5.742718955611
     1.300000000000     4.124701227594     5.649613772406
     1.310000000000     4.091461097755     5.555323902245
     1.320000000000     4.058394824188     5.459879175812
     1.330000000000     4.025471882023     5.363310117977
     1.340000000000     3.992661082034     5.265647917966
     1.350000000000     3.959930601164     5.166924398836
     1.360000000000     3.927248013711     5.067171986289
     1.370000000000     3.894580323156     4.966423676844
     1.380000000000     3.861893994589     4.864713005411
     1.390000000000     3.829154987698     4.762074012302
     1.400000000000     3.796328790312     4.658541209688
     1.410000000000     3.763380452439     4.554149547561
     1.420000000000     3.730274620775     4.448934379225
     1.430000000000     3.696975573659     4.342931426341
     1.440000000000     3.663447256423     4.236176743577
     1.450000000000     3.629653317112     4.128706682888
     1.460000000000     3.595557142545     4.020557857455
     1.470000000000     3.561121894661     3.911767105339
     1.480000000000     3.526310547135     3.802371452865
     1.490000000000     3.491085922214     3.692408077786
     1.500000000000     3.455410727745     3.581914272255
     1.510000000000     3.419247594355     3.470927405645
     1.520000000000     3.382559112736     3.359484887264
     1.530000000000     3.345307871024     3.247624128976
     1.540000000000     3.307456492198     3.135382507802
     1.550000000000     3.268967671502     3.022797328498
     1.560000000000     3.229804213814     2.909905786187
     1.570000000000     3.189929070953     2.796744929047
     1.580000000000     3.149305378880     2.683351621120
     1.590000000000     3.107896494735     2.569762505265
     1.600000000000     3.065666033711     2.456013966289
     1.610000000000     3.022577905692     2.342142094308
     1.620000000000     2.978596351640     2.228182648360
     1.630000000000     2.933685979682     2.114171020318
     1.640000000000     2.887811800873     2.000142199127
     1.650000000000     2.840939264584     1.886130735416
     1.660000000000     2.793034293494     1.772170706506
     1.670000000000     2.744063318139     1.658295681861
     1.680000000000     2.693993310991     1.544538689009
     1.690000000000     2.642791820025     1.430932179975
     1.700000000000     2.590427001747     1.317507998253
     1.710000000000     2.536867653650     1.204297346350
     1.720000000000     2.482083246051     1.091330753949
     1.730000000000     2.426043953298     0.978638046702
     1.740000000000     2.368720684299     0.866248315701
     1.750000000000     2.310085112347     0.754189887653
     1.760000000000     2.250109704211     0.642490295789
     1.770000000000     2.188767748462     0.531176251538
     1.780000000000     2.126033383009     0.420273616991
     1.790000000000     2.061881621808     0.309807378192
     1.800000000000     1.996288380724     0.199801619276
     1.810000000000     1.929230502518     0.090279497482
     1.820000000000     1.860685780931    -0.018736780931
     1.830000000000     1.790632983841    -0.127225983841
     1.840000000000     1.719051875471    -0.235167875471
     1.850000000000     1.645923237617    -0.342543237617
     1.860000000000     1.571228889887    -0.449333889887
     1.870000000000     1.494951708920    -0.555522708920
     1.880000000000     1.417075646563    -0.661093646563
     1.890000000000     1.337585746996    -0.766031746996
     1.900000000000     1.256468162784    -0.870323162784
     1.910000000000     1.173710169824    -0.973955169824
     1.920000000000     1.089300181202    -1.076916181202
     1.930000000000     1.003227759909    -1.179195759909
     1.940000000000     0.915483630436    -1.280784630436
     1.950000000000     0.826059689203    -1.381674689203
     1.960000000000     0.734949013839    -1.481859013839
     1.970000000000     0.642145871286    -1.581331871286
     1.980000000000     0.547645724719    -1.680088724719
     1.990000000000     0.451445239281    -1.778126239281
     2.000000000000     0.353542286618    -1.875442286618
     2.010000000000     0.253935948216    -1.972035948216
     2.020000000000     0.152626517527    -2.067907517527
     2.030000000000     0.049615500890    -2.163058500890
     2.040000000000    -0.055094382764    -2.257491617236
     2.050000000000    -0.161499203420    -2.351210796580
     2.060000000000    -0.269593822692    -2.444221177308
     2.070000000000    -0.379371897762    -2.536529102238
     2.080000000000    -0.490825886508    -2.628142113492
     2.090000000000    -0.603947053857    -2.719068946143
     2.100000000000    -0.718725479319    -2.809319520681
     2.110000000000    -0.835150065727    -2.898904934273
     2.120000000000    -0.953208549157    -2.987837450843
     2.130000000000    -1.072887510020    -3.076130489980
     2.140000000000    -1.194172385334    -3.163798614666
     2.150000000000    -1.317047482138    -3.250857517862
     2.160000000000    -1.441495992057    -3.337324007943
     2.170000000000    -1.567500006994    -3.423215993006
     2.180000000000    -1.695040535938    -3.508552464062
     2.190000000000    -1.824097522876    -3.593353477124
     2.200000000000    -1.954649865778    -3.677640134222
     2.210000000000    -2.086675436656    -3.761434563344
     2.220000000000    -2.220151102670    -3.844759897330
     2.230000000000    -2.355052748246    -3.927640251754
     2.240000000000    -2.491355298220    -4.010100701780
     2.250000000000    -2.629032741945    -4.092167258055
     2.260000000000    -2.768058158372    -4.173866841628
     2.270000000000    -2.908403742058    -4.255227257942
     2.280000000000    -3.050040830085    -4.336277169915
     2.290000000000    -3.192939929869    -4.417046070131
     2.300000000000    -3.337070747824    -4.497564252176
     2.310000000000    -3.482402218849    -4.577862781151
     2.320000000000    -3.628902536626    -4.657973463374
     2.330000000000    -3.776539184685    -4.737928815315
     2.340000000000    -3.925278968206    -4.817762031794
     2.350000000000    -4.075088046543    -4.897506953457
     2.360000000000    -4.225931966412    -4.977198033588
     2.370000000000    -4.377775695734    -5.056870304266
     2.380000000000    -4.530583658090    -5.136559341910
     2.390000000000    -4.684319767750    -5.216301232250
     2.400000000000    -4.838947465252    -5.296132534748
     2.410000000000    -4.994429753486    -5.376090246514
     2.420000000000    -5.150729234255    -5.456211765745
     2.430000000000    -5.307808145270    -5.536534854730
     2.440000000000    -5.465628397552    -5.617097602448
     2.450000000000    -5.624151613188    -5.697938386812
     2.460000000000    -5.783339163426    -5.779095836574
     2.470000000000    -5.943152207051    -5.860608792949
     2.480000000000    -6.103551729013    -5.942516270987
     2.490000000000    -6.264498579268    -6.024857420732
     2.500000000000    -6.425953511793    -6.107671488207
     2.510000000000    -6.587877223740    -6.190997776260
     2.520000000000    -6.750230394674    -6.274875605326
     2.530000000000    -6.912973725885    -6.359344274115
     2.540000000000    -7.076067979702    -6.444443020298
     2.550000000000    -7.239474018792    -6.530210981208
     2.560000000000    -7.403152845403    -6.616687154597
     2.570000000000    -7.567065640494    -6.703910359506
     2.580000000000    -7.731173802741    -6.791919197259
     2.590000000000    -7.895438987347    -6.880752012653
     2.600000000000    -8.059823144650    -6.970446855350
     2.610000000000    -8.224288558466    -7.061041441534
     2.620000000000    -8.388797884137    -7.152573115863
     2.630000000000    -8.553314186250    -7.245078813750
     2.640000000000    -8.717800975979    -7.338595024021
     2.650000000000    -8.882222248021    -7.433157751979
     2.660000000000    -9.046542517087    -7.528802482913
     2.670000000000    -9.210726853906    -7.625564146094
     2.680000000000    -9.374740920707    -7.723477079293
     2.690000000000    -9.538551006154    -7.822574993846
     2.700000000000    -9.702124059681    -7.922890940319
     2.710000000000    -9.865427725202    -8.024457274798
     2.720000000000   -10.028430374162    -8.127305625838
     2.730000000000   -10.191101137898    -8.231466862102
     2.740000000000   -10.353409939259    -8.336971060741
     2.750000000000   -10.515327523483    -8.443847476517
     2.760000000000   -10.676825488267    -8.552124511733
     2.770000000000   -10.837876313028    -8.661829686972
     2.780000000000   -10.998453387301    -8.772989612699
     2.790000000000   -11.158531038260    -8.885629961740
     2.800000000000   -11.318084557333    -8.999775442667
     2.810000000000   -11.477090225866    -9.115449774134
     2.820000000000   -11.635525339843    -9.232675660157
     2.830000000000   -11.793368233594    -9.351474766406
     2.840000000000   -11.950598302505    -9.471867697495
     2.850000000000   -12.107196024682    -9.593873975318
     2.860000000000   -12.263142981557    -9.717512018443
     2.870000000000   -12.418421877407    -9.842799122593
     2.880000000000   -12.573016557776    -9.969751442224
     2.890000000000   -12.726912026767   -10.098383973233
     2.900000000000   -12.880094463200   -10.228710536800
     2.910000000000   -13.032551235607   -10.360743764393
     2.920000000000   -13.184270916050   -10.494495083950
     2.930000000000   -13.335243292758   -10.629974707242
     2.940000000000   -13.485459381550   -10.767191618450
     2.950000000000   -13.634911436049   -10.906153563951
     2.960000000000   -13.783592956667   -11.046867043333
     2.970000000000   -13.931498698348   -11.189337301652
     2.980000000000   -14.078624677073   -11.333568322927
     2.990000000000   -14.224968175099   -11.479562824901
     3.000000000000   -14.370527744949   -11.627322255052
     3.010000000000   -14.515303212123   -11.776846787877
     3.020000000000   -14.659295676552   -11.928135323448
     3.030000000000   -14.802507512769   -12.081185487231
     3.040000000000   -14.944942368810   -12.235993631190
     3.050000000000   -15.086605163838   -12.392554836162
     3.060000000000   -15.227502084497   -12.550862915503
     3.070000000000   -15.367640579992   -12.710910420008
     3.080000000000   -15.507029355903   -12.872688644097
     3.090000000000   -15.645678366733   -13.036187633267
     3.100000000000   -15.783598807208   -13.201396192792
     3.110000000000   -15.920803102316   -13.368301897684
     3.120000000000   -16.057304896117   -13.536891103883
     3.130000000000   -16.193119039316   -13.707148960684
     3.140000000000   -16.328261575618   -13.879059424382
     3.150000000000   -16.462749726881   -14.052605273119
     3.160000000000   -16.596601877069   -14.227768122931
     3.170000000000   -16.729837555029   -14.404528444971
     3.180000000000   -16.862477416113   -14.582865583887
     3.190000000000   -16.994543222641   -14.762757777359
     3.200000000000   -17.126057823254   -14.944182176746
     3.210000000000   -17.257045131144   -15.127114868856
     3.220000000000   -17.387530101210   -15.311530898790
     3.230000000000   -17.517538706145   -15.497404293855
     3.240000000000   -17.647097911480   -15.684708088520
     3.250000000000   -17.776235649608   -15.873414350392
     3.260000000000   -17.904980792824   -16.063494207176
     3.270000000000   -18.033363125391   -16.254917874609
     3.280000000000   -18.161413314665   -16.447654685335
     3.290000000000   -18.289162881314   -16.641673118686
     3.300000000000   -18.416644168648   -16.836940831352
     3.310000000000   -18.543890311101   -17.033424688899
     3.320000000000   -18.670935201885   -17.231090798115
     3.330000000000   -18.797813459858   -17.429904540142
     3.340000000000   -18.924560395629   -17.629830604371
     3.350000000000   -19.051211976940   -17.830833023060
     3.360000000000   -19.177804793356   -18.032875206644
     3.370000000000   -19.304376020294   -18.235919979706
     3.380000000000   -19.430963382440   -18.439929617560
     3.390000000000   -19.557605116565   -18.644865883435
     3.400000000000   -19.684339933807   -18.850690066193
     3.410000000000   -19.811206981433   -19.057363018567
     3.420000000000   -19.938245804126   -19.264845195874
     3.430000000000   -20.065496304836   -19.473096695164
     3.440000000000   -20.192998705243   -19.682077294757
     3.450000000000   -20.320793505845   -19.891746494155
     3.460000000000   -20.448921445741   -20.102063554259
     3.470000000000   -20.577423462132   -20.312987537868
     3.480000000000   -20.706340649577   -20.524477350423
     3.490000000000   -20.835714219060   -20.736491780940
     3.500000000000   -20.965585456893   -20.948989543107
     3.510000000000   -21.095995683507   -21.161929316493
     3.520000000000   -21.226986212165   -21.375269787835
     3.530000000000   -21.358598307639   -21.588969692361
     3.540000000000   -21.490873144900   -21.802987855100
     3.550000000000   -21.623851767854   -22.017283232146
     3.560000000000   -21.757575048163   -22.231814951837
     3.570000000000   -21.892083644205   -22.446542355795
     3.580000000000   -22.027417960198   -22.661425039802
     3.590000000000   -22.163618105547   -22.876422894453
     3.600000000000   -22.300723854435   -23.091496145565
     3.610000000000   -22.438774605718   -23.306605394282
     3.620000000000   -22.577809343147   -23.521711656853
     3.630000000000   -22.717866595970   -23.736776404030
     3.640000000000   -22.858984399950   -23.951761600050
     3.650000000000   -23.001200258834   -24.166629741166
     3.660000000000   -23.144551106318   -24.381343893682
     3.670000000000   -23.289073268543   -24.595867731457
     3.680000000000   -23.434802427162   -24.810165572838
     3.690000000000   -23.581773583012   -25.024202416988
     3.700000000000   -23.730021020435   -25.237943979565
     3.710000000000   -23.879578272275   -25.451356727725
     3.720000000000   -24.030478085595   -25.664407914405
     3.730000000000   -24.182752388142   -25.877065611858
     3.740000000000   -24.336432255604   -26.089298744396
     3.750000000000   -24.491547879677   -26.301077120323
     3.760000000000   -24.648128536995   -26.512371463005
     3.770000000000   -24.806202558934   -26.723153441066
     3.780000000000   -24.965797302335   -26.933395697665
     3.790000000000   -25.126939121177   -27.143071878823
     3.800000000000   -25.289653339218   -27.352156660782
     3.810000000000   -25.453964223636   -27.560625776364
     3.820000000000   -25.619894959716   -27.768456040284
     3.830000000000   -25.787467626572   -27.975625373428
     3.840000000000   -25.956703173968   -28.182112826032
     3.850000000000   -26.127621400238   -28.387898599762
     3.860000000000   -26.300240931334   -28.592964068666
     3.870000000000   -26.474579201030   -28.797291798971
     3.880000000000   -26.650652432294   -29.000865567706
     3.890000000000   -26.828475619857   -29.203670380143
     3.900000000000   -27.008062513988   -29.405692486012
     3.910000000000   -27.189425605499   -29.606919394501
     3.920000000000   -27.372576111996   -29.807339888004
     3.930000000000   -27.557523965387   -30.006944034613
     3.940000000000   -27.744277800667   -30.205723199333
     3.950000000000   -27.932844945981   -30.403670054019
     3.960000000000   -28.123231413995   -30.600778586005
     3.970000000000   -28.315441894562   -30.797044105438
     3.980000000000   -28.509479748716   -30.992463251284
     3.990000000000   -28.705347003975   -31.187033996025
     4.000000000000   -28.903044350985   -31.380755649015
     4.010000000000   -29.102571141491   -31.573628858509
     4.020000000000   -29.303925387646   -31.765655612354
     4.030000000000   -29.507103762660   -31.956839237340
     4.040000000000   -29.712101602786   -32.147184397214
     4.050000000000   -29.918912910650   -32.336697089350
     4.060000000000   -30.127530359910   -32.525384640090
     4.070000000000   -30.337945301260   -32.713255698740
     4.080000000000   -30.550147769751   -32.900320230249
     4.090000000000   -30.764126493439   -33.086589506561
     4.100000000000   -30.979868903359   -33.272076096641
     4.110000000000   -31.197361144784   -33.456793855216
     4.120000000000   -31.416588089807   -33.640757910193
     4.130000000000   -31.637533351184   -33.823984648816
     4.140000000000   -31.860179297472   -34.006491702528
     4.150000000000   -32.084507069408   -34.188297930592
     4.160000000000   -32.310496597547   -34.369423402453
     4.170000000000   -32.538126621117   -34.549889378883
     4.180000000000   -32.767374708089   -34.729718291911
     4.190000000000   -32.998217276440   -34.908933723560
     4.200000000000   -33.230629616583   -35.087560383417
     4.210000000000   -33.464585914950   -35.265624085050
     4.220000000000   -33.700059278700   -35.443151721300
     4.230000000000   -33.937021761534   -35.620171238466
     4.240000000000   -34.175444390591   -35.796711609409
     4.250000000000   -34.415297194385   -35.972802805615
     4.260000000000   -34.656549231790   -36.148475768210
     4.270000000000   -34.899168621999   -36.323762378001
     4.280000000000   -35.143122575477   -36.498695424523
     4.290000000000   -35.388377425833   -36.673308574167
     4.300000000000   -35.634898662614   -36.847636337386
     4.310000000000   -35.882650964968   -37.021714035032
     4.320000000000   -36.131598236160   -37.195577763840
     4.330000000000   -36.381703638887   -37.369264361113
     4.340000000000   -36.632929631378   -37.542811368622
     4.350000000000   -36.885238004230   -37.716256995770
     4.360000000000   -37.138589917951   -37.889640082049
     4.370000000000   -37.392945941167   -38.063000058833
     4.380000000000   -37.648266089466   -38.236376910534
     4.390000000000   -37.904509864823   -38.409811135177
     4.400000000000   -38.161636295591   -38.583343704409
     4.410000000000   -38.419603976994   -38.757016023006
     4.420000000000   -38.678371112101   -38.930869887899
     4.430000000000   -38.937895553232   -39.104947446768
     4.440000000000   -39.198134843750   -39.279291156250
     4.450000000000   -39.459046260215   -39.453943739785
     4.460000000000   -39.720586854836   -39.628948145164
     4.470000000000   -39.982713498197   -39.804347501803
     4.480000000000   -40.245382922204   -39.980185077796
     4.490000000000   -40.508551763212   -40.156504236788
     4.500000000000   -40.772176605298   -40.333348394702
     4.510000000000   -41.036214023620   -40.510760976380
     4.520000000000   -41.300620627838   -40.688785372162
     4.530000000000   -41.565353105531   -40.867464894469
     4.540000000000   -41.830368265597   -41.046842734403
     4.550000000000   -42.095623081558   -41.226961918442
     4.560000000000   -42.361074734752   -41.407865265248
     4.570000000000   -42.626680657366   -41.589595342634
     4.580000000000   -42.892398575244   -41.772194424756
     4.590000000000   -43.158186550465   -41.955704449535
     4.600000000000   -43.424003023611   -42.140166976389
     4.610000000000   -43.689806855706   -42.325623144294
     4.620000000000   -43.955557369778   -42.512113630222
     4.630000000000   -44.221214391994   -42.699678608006
     4.640000000000   -44.486738292341   -42.888357707659
     4.650000000000   -44.752090024795   -43.078189975205
     4.660000000000   -45.017231166957   -43.269213833043
     4.670000000000   -45.282123959094   -43.461467040906
     4.680000000000   -45.546731342564   -43.654986657436
     4.690000000000   -45.811016997575   -43.849809002425
     4.700000000000   -46.074945380244   -44.045969619756
     4.710000000000   -46.338481758915   -44.243503241085
     4.720000000000   -46.601592249706   -44.442443750294
     4.730000000000   -46.864243851237   -44.642824148763
     4.740000000000   -47.126404478519   -44.844676521481
     4.750000000000   -47.388042995950   -45.048032004050
     4.760000000000   -47.649129249403   -45.252920750597
     4.770000000000   -47.909634097359   -45.459371902641
     4.780000000000   -48.169529441066   -45.667413558934
     4.790000000000   -48.428788253676   -45.877072746324
     4.800000000000   -48.687384608344   -46.088375391656
     4.810000000000   -48.945293705259   -46.301346294741
     4.820000000000   -49.202491897566   -46.516009102434
     4.830000000000   -49.458956716167   -46.732386283833
     4.840000000000   -49.714666893371   -46.950499106629
     4.850000000000   -49.969602385358   -47.170367614642
     4.860000000000   -50.223744393453   -47.392010606548
     4.870000000000   -50.477075384161   -47.615445615839
     4.880000000000   -50.729579107977   -47.840688892023
     4.890000000000   -50.981240616908   -48.067755383092
     4.900000000000   -51.232046280731   -48.296658719269
     4.910000000000   -51.481983801938   -48.527411198062
     4.920000000000   -51.731042229363   -48.760023770637
     4.930000000000   -51.979211970487   -48.994506029513
     4.940000000000   -52.226484802381   -49.230866197619
     4.950000000000   -52.472853881305   -49.469111118695
     4.960000000000   -52.718313750926   -49.709246249074
     4.970000000000   -52.962860349166   -49.951275650834
     4.980000000000   -53.206491013656   -50.195201986344
     4.990000000000   -53.449204485796   -50.441026514204
     5.000000000000   -53.691000913422   -50.688749086578
     5.000000000000   -53.691000913424   -50.688749086579
