     0.000000000000    20.000000000000     8.000000000000
     0.010000000000    20.000000000000     8.000000000000
     0.020000000000    19.999019000000     7.999019000000
     0.030000000000    19.997073350000     7.997081525000
     0.040000000000    19.994179127500     7.994211486875
     0.050000000000    19.990352142042     7.990432199703
     0.060000000000    19.985607939674     7.985766394711
     0.070000000000    19.979961807346     7.980236234843
     0.080000000000    19.973428777224     7.973863328972
     0.090000000000    19.966023630937     7.966668745747
     0.100000000000    19.957760903755     7.958673027104
     0.110000000000    19.948654888692     7.949896201426
     0.120000000000    19.938719640547     7.940357796390
     0.130000000000    19.927968979871     7.930076851481
     0.140000000000    19.916416496874     7.919071930194
     0.150000000000    19.904075555259     7.907361131939
     0.160000000000    19.890959296005     7.894962103640
     0.170000000000    19.877080641071     7.881892051049
     0.180000000000    19.862452297053     7.868167749773
     0.190000000000    19.847086758769     7.853805556029
     0.200000000000    19.830996312790     7.838821417128
     0.210000000000    19.814193040910     7.823230881700
     0.220000000000    19.796688823561     7.807049109657
     0.230000000000    19.778495343169     7.790290881916
     0.240000000000    19.759624087449     7.772970609868
     0.250000000000    19.740086352658     7.755102344621
     0.260000000000    19.719893246781     7.736699786006
     0.270000000000    19.699055692668     7.717776291356
     0.280000000000    19.677584431123     7.698344884072
     0.290000000000    19.655490023938     7.678418261970
     0.300000000000    19.632782856872     7.658008805421
     0.310000000000    19.609473142591     7.637128585285
     0.320000000000    19.585570923548     7.615789370653
     0.330000000000    19.561086074822     7.594002636387
     0.340000000000    19.536028306908     7.571779570477
     0.350000000000    19.510407168460     7.549131081215
     0.360000000000    19.484232048986     7.526067804185
     0.370000000000    19.457512181502     7.502600109080
     0.380000000000    19.430256645144     7.478738106353
     0.390000000000    19.402474367725     7.454491653694
     0.400000000000    19.374174128263     7.429870362352
     0.410000000000    19.345364559459     7.404883603293
     0.420000000000    19.316054150134     7.379540513211
     0.430000000000    19.286251247632     7.353850000381
     0.440000000000    19.255964060171     7.327820750371
     0.450000000000    19.225200659169     7.301461231612
     0.460000000000    19.193968981516     7.274779700821
     0.470000000000    19.162276831824     7.247784208301
     0.480000000000    19.130131884627     7.220482603093
     0.490000000000    19.097541686550     7.192882538016
     0.500000000000    19.064513658441     7.164991474566
     0.510000000000    19.031055097467     7.136816687702
     0.520000000000    18.997173179175     7.108365270509
     0.530000000000    18.962874959522     7.079644138746
     0.540000000000    18.928167376864     7.050660035278
     0.550000000000    18.893057253916     7.021419534396
     0.560000000000    18.857551299684     6.991929046036
     0.570000000000    18.821656111356     6.962194819885
     0.580000000000    18.785378176167     6.932222949388
     0.590000000000    18.748723873231     6.902019375653
     0.600000000000    18.711699475343     6.871589891262
     0.610000000000    18.674311150754     6.840940143980
     0.620000000000    18.636564964909     6.810075640381
     0.630000000000    18.598466882160     6.779001749371
     0.640000000000    18.560022767457     6.747723705637
     0.650000000000    18.521238388000     6.716246612996
     0.660000000000    18.482119414866     6.684575447671
     0.670000000000    18.442671424619     6.652715061479
     0.680000000000    18.402899900875     6.620670184942
     0.690000000000    18.362810235860     6.588445430319
     0.700000000000    18.322407731929     6.556045294561
     0.710000000000    18.281697603064     6.523474162197
     0.720000000000    18.240684976346     6.490736308142
     0.730000000000    18.199374893407     6.457835900438
     0.740000000000    18.157772311850     6.424777002927
     0.750000000000    18.115882106653     6.391563577854
     0.760000000000    18.073709071542     6.358199488408
     0.770000000000    18.031257920350     6.324688501198
     0.780000000000    17.988533288344     6.291034288668
     0.790000000000    17.945539733538     6.257240431451
     0.800000000000    17.902281737979     6.223310420665
     0.810000000000    17.858763709013     6.189247660148
     0.820000000000    17.814989980529     6.155055468644
     0.830000000000    17.770964814187     6.120737081928
     0.840000000000    17.726692400617     6.086295654880
     0.850000000000    17.682176860607     6.051734263508
     0.860000000000    17.637422246264     6.017055906920
     0.870000000000    17.592432542159     5.982263509247
     0.880000000000    17.547211666456     5.947359921516
     0.890000000000    17.501763472016     5.912347923478
     0.900000000000    17.456091747482     5.877230225391
     0.910000000000    17.410200218357     5.842009469757
     0.920000000000    17.364092548051     5.806688233013
     0.930000000000    17.317772338917     5.771269027187
     0.940000000000    17.271243133268     5.735754301508
     0.950000000000    17.224508414381     5.700146443970
     0.960000000000    17.177571607474     5.664447782871
     0.970000000000    17.130436080683     5.628660588299
     0.980000000000    17.083105146005     5.592787073591
     0.990000000000    17.035582060238     5.556829396752
     1.000000000000    16.987870025901     5.520789661833
     1.010000000000    16.939972192136     5.484669920287
     1.020000000000    16.891891655600     5.448472172280
     1.030000000000    16.843631461340     5.412198367973
     1.040000000000    16.795194603651     5.375850408774
     1.050000000000    16.746584026924     5.339430148554
     1.060000000000    16.697802626475     5.302939394840
     1.070000000000    16.648853249367     5.266379909969
     1.080000000000    16.599738695211     5.229753412220
     1.090000000000    16.550461716958     5.193061576915
     1.100000000000    16.501025021675     5.156306037492
     1.110000000000    16.451431271314     5.119488386554
     1.120000000000    16.401683083458     5.082610176891
     1.130000000000    16.351783032067     5.045672922468
     1.140000000000    16.301733648200     5.008678099407
     1.150000000000    16.251537420730     4.971627146921
     1.160000000000    16.201196797051     4.934521468248
     1.170000000000    16.150714183767     4.897362431542
     1.180000000000    16.100091947371     4.860151370754
     1.190000000000    16.049332414914     4.822889586485
     1.200000000000    15.998437874666     4.785578346823
     1.210000000000    15.947410576755     4.748218888152
     1.220000000000    15.896252733809     4.710812415948
     1.230000000000    15.844966521579     4.673360105550
     1.240000000000    15.793554079552     4.635863102911
     1.250000000000    15.742017511560     4.598322525338
     1.260000000000    15.690358886367     4.560739462205
     1.270000000000    15.638580238261     4.523114975650
     1.280000000000    15.586683567623     4.485450101258
     1.290000000000    15.534670841496     4.447745848727
     1.300000000000    15.482543994138     4.410003202509
     1.310000000000    15.430304927569     4.372223122446
     1.320000000000    15.377955512110     4.334406544385
     1.330000000000    15.325497586908     4.296554380775
     1.340000000000    15.272932960459     4.258667521256
     1.350000000000    15.220263411118     4.220746833224
     1.360000000000    15.167490687600     4.182793162394
     1.370000000000    15.114616509473     4.144807333334
     1.380000000000    15.061642567648     4.106790150001
     1.390000000000    15.008570524854     4.068742396251
     1.400000000000    14.955402016107     4.030664836344
     1.410000000000    14.902138649172     3.992558215436
     1.420000000000    14.848782005019     3.954423260050
     1.430000000000    14.795333638268     3.916260678549
     1.440000000000    14.741795077631     3.878071161585
     1.450000000000    14.688167826337     3.839855382545
     1.460000000000    14.634453362565     3.801613997982
     1.470000000000    14.580653139855     3.763347648032
     1.480000000000    14.526768587524     3.725056956831
     1.490000000000    14.472801111065     3.686742532910
     1.500000000000    14.418752092548     3.648404969588
     1.510000000000    14.364622891005     3.610044845348
     1.520000000000    14.310414842822     3.571662724214
     1.530000000000    14.256129262108     3.533259156109
     1.540000000000    14.201767441073     3.494834677206
     1.550000000000    14.147330650388     3.456389810276
     1.560000000000    14.092820139549     3.417925065019
     1.570000000000    14.038237137223     3.379440938394
     1.580000000000    13.983582851602     3.340937914934
     1.590000000000    13.928858470742     3.302416467061
     1.600000000000    13.874065162897     3.263877055384
     1.610000000000    13.819204076848     3.225320128999
     1.620000000000    13.764276342234     3.186746125774
     1.630000000000    13.709283069864     3.148155472630
     1.640000000000    13.654225352033     3.109548585814
     1.650000000000    13.599104262832     3.070925871169
     1.660000000000    13.543920858452     3.032287724390
     1.670000000000    13.488676177477     2.993634531280
     1.680000000000    13.433371241186     2.954966667998
     1.690000000000    13.378007053833     2.916284501298
     1.700000000000    13.322584602936     2.877588388766
     1.710000000000    13.267104859553     2.838878679046
     1.720000000000    13.211568778561     2.800155712070
     1.730000000000    13.155977298918     2.761419819269
     1.740000000000    13.100331343936     2.722671323787
     1.750000000000    13.044631821537     2.683910540692
     1.760000000000    12.988879624512     2.645137777175
     1.770000000000    12.933075630770     2.606353332745
     1.780000000000    12.877220703590     2.567557499427
     1.790000000000    12.821315691864     2.528750561941
     1.800000000000    12.765361430333     2.489932797893
     1.810000000000    12.709358739827     2.451104477945
     1.820000000000    12.653308427497     2.412265865997
     1.830000000000    12.597211287039     2.373417219347
     1.840000000000    12.541068098921     2.334558788863
     1.850000000000    12.484879630606     2.295690819142
     1.860000000000    12.428646636762     2.256813548663
     1.870000000000    12.372369859483     2.217927209946
     1.880000000000    12.316050028492     2.179032029698
     1.890000000000    12.259687861350     2.140128228955
     1.900000000000    12.203284063661     2.101216023231
     1.910000000000    12.146839329267     2.062295622651
     1.920000000000    12.090354340446     2.023367232084
     1.930000000000    12.033829768105     1.984431051282
     1.940000000000    11.977266271970     1.945487275000
     1.950000000000    11.920664500770     1.906536093125
     1.960000000000    11.864025092424     1.867577690797
     1.970000000000    11.807348674217     1.828612248527
     1.980000000000    11.750635862980     1.789639942314
     1.990000000000    11.693887265264     1.750660943756
     2.000000000000    11.637103477509     1.711675420162
     2.010000000000    11.580285086217     1.672683534658
     2.020000000000    11.523432668114     1.633685446292
     2.030000000000    11.466546790312     1.594681310134
     2.040000000000    11.409628010473     1.555671277381
     2.050000000000    11.352676876965     1.516655495447
     2.060000000000    11.295693929016     1.477634108060
     2.070000000000    11.238679696866     1.438607255359
     2.080000000000    11.181634701918     1.399575073975
     2.090000000000    11.124559456886     1.360537697126
     2.100000000000    11.067454465938     1.321495254697
     2.110000000000    11.010320224839     1.282447873330
     2.120000000000    10.953157221092     1.243395676497
     2.130000000000    10.895965934073     1.204338784584
     2.140000000000    10.838746835172     1.165277314970
     2.150000000000    10.781500387919     1.126211382095
     2.160000000000    10.724227048121     1.087141097543
     2.170000000000    10.666927263985     1.048066570104
     2.180000000000    10.609601476252     1.008987905852
     2.190000000000    10.552250118315     0.969905208206
     2.200000000000    10.494873616343     0.930818578000
     2.210000000000    10.437472389404     0.891728113550
     2.220000000000    10.380046849580     0.852633910712
     2.230000000000    10.322597402087     0.813536062944
     2.240000000000    10.265124445386     0.774434661370
     2.250000000000    10.207628371296     0.735329794836
     2.260000000000    10.150109565108     0.696221549965
     2.270000000000    10.092568405689     0.657110011216
     2.280000000000    10.035005265595     0.617995260936
     2.290000000000     9.977420511168     0.578877379412
     2.300000000000     9.919814502649     0.539756444927
     2.310000000000     9.862187594271     0.500632533804
     2.320000000000     9.804540134367     0.461505720459
     2.330000000000     9.746872465460     0.422376077447
     2.340000000000     9.689184924369     0.383243675511
     2.350000000000     9.631477842297     0.344108583623
     2.360000000000     9.573751544925     0.304970869033
     2.370000000000     9.516006352510     0.265830597307
     2.380000000000     9.458242579968     0.226687832374
     2.390000000000     9.400460536968     0.187542636565
     2.400000000000     9.342660528019     0.148395070651
     2.410000000000     9.284842852552     0.109245193884
     2.420000000000     9.227007805009     0.070093064037
     2.430000000000     9.169155674926     0.030938737436
     2.440000000000     9.111286747010    -0.008217731000
     2.450000000000     9.053401301227    -0.047376287725
     2.460000000000     8.995499612873    -0.086536880531
     2.470000000000     8.937581952659    -0.125699458518
     2.480000000000     8.879648586781    -0.164863972055
     2.490000000000     8.821699777001    -0.204030372754
     2.500000000000     8.763735780718    -0.243198613435
     2.510000000000     8.705756851039    -0.282368648099
     2.520000000000     8.647763236855    -0.321540431897
     2.530000000000     8.589755182908    -0.360713921099
     2.540000000000     8.531732929859    -0.399889073072
     2.550000000000     8.473696714362    -0.439065846245
     2.560000000000     8.415646769122    -0.478244200089
     2.570000000000     8.357583322970    -0.517424095087
     2.580000000000     8.299506600921    -0.556605492709
     2.590000000000     8.241416824239    -0.595788355392
     2.600000000000     8.183314210501    -0.634972646507
     2.610000000000     8.125198973660    -0.674158330344
     2.620000000000     8.067071324099    -0.713345372086
     2.630000000000     8.008931468697    -0.752533737783
     2.640000000000     7.950779610885    -0.791723394339
     2.650000000000     7.892615950704    -0.830914309480
     2.660000000000     7.834440684859    -0.870106451743
     2.670000000000     7.776254006778    -0.909299790450
     2.680000000000     7.718056106665    -0.948494295689
     2.690000000000     7.659847171554    -0.987689938296
     2.700000000000     7.601627385361    -1.026886689839
     2.710000000000     7.543396928939    -1.066084522593
     2.720000000000     7.485155980123    -1.105283409528
     2.730000000000     7.426904713788    -1.144483324290
     2.740000000000     7.368643301891    -1.183684241183
     2.750000000000     7.310371913526    -1.222886135153
     2.760000000000     7.252090714968    -1.262088981774
     2.770000000000     7.193799869718    -1.301292757230
     2.780000000000     7.135499538556    -1.340497438299
     2.790000000000     7.077189879580    -1.379703002342
     2.800000000000     7.018871048254    -1.418909427283
     2.810000000000     6.960543197450    -1.458116691601
     2.820000000000     6.902206477492    -1.497324774311
     2.830000000000     6.843861036201    -1.536533654953
     2.840000000000     6.785507018931    -1.575743313579
     2.850000000000     6.727144568615    -1.614953730740
     2.860000000000     6.668773825805    -1.654164887471
     2.870000000000     6.610394928708    -1.693376765285
     2.880000000000     6.552008013230    -1.732589346153
     2.890000000000     6.493613213009    -1.771802612499
     2.900000000000     6.435210659459    -1.811016547186
     2.910000000000     6.376800481801    -1.850231133507
     2.920000000000     6.318382807105    -1.889446355169
     2.930000000000     6.259957760320    -1.928662196290
     2.940000000000     6.201525464314    -1.967878641383
     2.950000000000     6.143086039909    -2.007095675348
     2.960000000000     6.084639605910    -2.046313283464
     2.970000000000     6.026186279145    -2.085531451378
     2.980000000000     5.967726174493    -2.124750165093
     2.990000000000     5.909259404918    -2.163969410966
     3.000000000000     5.850786081503    -2.203189175692
     3.010000000000     5.792306313478    -2.242409446299
     3.020000000000     5.733820208253    -2.281630210142
     3.030000000000     5.675327871449    -2.320851454888
     3.040000000000     5.616829406925    -2.360073168516
     3.050000000000     5.558324916809    -2.399295339303
     3.060000000000     5.499814501529    -2.438517955821
     3.070000000000     5.441298259837    -2.477741006925
     3.080000000000     5.382776288840    -2.516964481752
     3.090000000000     5.324248684026    -2.556188369708
     3.100000000000     5.265715539292    -2.595412660466
     3.110000000000     5.207176946970    -2.634637343954
     3.120000000000     5.148632997854    -2.673862410355
     3.130000000000     5.090083781223    -2.713087850096
     3.140000000000     5.031529384870    -2.752313653844
     3.150000000000     4.972969895122    -2.791539812498
     3.160000000000     4.914405396870    -2.830766317185
     3.170000000000     4.855835973589    -2.869993159256
     3.180000000000     4.797261707362    -2.909220330274
     3.190000000000     4.738682678906    -2.948447822017
     3.200000000000     4.680098967591    -2.987675626467
     3.210000000000     4.621510651464    -3.026903735805
     3.220000000000     4.562917807273    -3.066132142410
     3.230000000000     4.504320510485    -3.105360838850
     3.240000000000     4.445718835311    -3.144589817879
     3.250000000000     4.387112854722    -3.183819072432
     3.260000000000     4.328502640477    -3.223048595621
     3.270000000000     4.269888263136    -3.262278380730
     3.280000000000     4.211269792083    -3.301508421212
     3.290000000000     4.152647295549    -3.340738710682
     3.300000000000     4.094020840623    -3.379969242915
     3.310000000000     4.035390493279    -3.419200011842
     3.320000000000     3.976756318391    -3.458431011546
     3.330000000000     3.918118379751    -3.497662236257
     3.340000000000     3.859476740089    -3.536893680351
     3.350000000000     3.800831461087    -3.576125338342
     3.360000000000     3.742182603402    -3.615357204883
     3.370000000000     3.683530226679    -3.654589274761
     3.380000000000     3.624874389568    -3.693821542892
     3.390000000000     3.566215149742    -3.733054004320
     3.400000000000     3.507552563913    -3.772286654212
     3.410000000000     3.448886687847    -3.811519487857
     3.420000000000     3.390217576383    -3.850752500660
     3.430000000000     3.331545283444    -3.889985688144
     3.440000000000     3.272869862053    -3.929219045940
     3.450000000000     3.214191364352    -3.968452569792
     3.460000000000     3.155509841613    -4.007686255547
     3.470000000000     3.096825344253    -4.046920099158
     3.480000000000     3.038137921848    -4.086154096679
     3.490000000000     2.979447623151    -4.125388244262
     3.500000000000     2.920754496098    -4.164622538156
     3.510000000000     2.862058587830    -4.203856974702
     3.520000000000     2.803359944700    -4.243091550334
     3.530000000000     2.744658612288    -4.282326261576
     3.540000000000     2.685954635416    -4.321561105037
     3.550000000000     2.627248058159    -4.360796077411
     3.560000000000     2.568538923857    -4.400031175475
     3.570000000000     2.509827275126    -4.439266396088
     3.580000000000     2.451113153874    -4.478501736186
     3.590000000000     2.392396601309    -4.517737192782
     3.600000000000     2.333677657954    -4.556972762962
     3.610000000000     2.274956363655    -4.596208443888
     3.620000000000     2.216232757594    -4.635444232791
     3.630000000000     2.157506878301    -4.674680126971
     3.640000000000     2.098778763662    -4.713916123797
     3.650000000000     2.040048450935    -4.753152220702
     3.660000000000     1.981315976752    -4.792388415184
     3.670000000000     1.922581377140    -4.831624704805
     3.680000000000     1.863844687521    -4.870861087185
     3.690000000000     1.805105942729    -4.910097560005
     3.700000000000     1.746365177017    -4.949334121005
     3.710000000000     1.687622424066    -4.988570767980
     3.720000000000     1.628877716999    -5.027807498780
     3.730000000000     1.570131088382    -5.067044311311
     3.740000000000     1.511382570242    -5.106281203528
     3.750000000000     1.452632194072    -5.145518173440
     3.760000000000     1.393879990837    -5.184755219104
     3.770000000000     1.335125990990    -5.223992338626
     3.780000000000     1.276370224473    -5.263229530161
     3.790000000000     1.217612720732    -5.302466791906
     3.800000000000     1.158853508720    -5.341704122109
     3.810000000000     1.100092616908    -5.380941519056
     3.820000000000     1.041330073293    -5.420178981080
     3.830000000000     0.982565905405    -5.459416506553
     3.840000000000     0.923800140314    -5.498654093889
     3.850000000000     0.865032804643    -5.537891741542
     3.860000000000     0.806263924565    -5.577129448003
     3.870000000000     0.747493525822    -5.616367211803
     3.880000000000     0.688721633725    -5.655605031508
     3.890000000000     0.629948273163    -5.694842905720
     3.900000000000     0.571173468611    -5.734080833077
     3.910000000000     0.512397244134    -5.773318812250
     3.920000000000     0.453619623398    -5.812556841944
     3.930000000000     0.394840629675    -5.851794920895
     3.940000000000     0.336060285847    -5.891033047873
     3.950000000000     0.277278614416    -5.930271221676
     3.960000000000     0.218495637509    -5.969509441134
     3.970000000000     0.159711376884    -6.008747705106
     3.980000000000     0.100925853936    -6.047986012478
     3.990000000000     0.042139089704    -6.087224362166
     4.000000000000    -0.016648895125    -6.126462753112
     4.010000000000    -0.075438080206    -6.165701184284
     4.020000000000    -0.134228445536    -6.204939654677
     4.030000000000    -0.193019971444    -6.244178163310
     4.040000000000    -0.251812638586    -6.283416709228
     4.050000000000    -0.310606427943    -6.322655291497
     4.060000000000    -0.369401320811    -6.361893909210
     4.070000000000    -0.428197298797    -6.401132561479
     4.080000000000    -0.486994343817    -6.440371247442
     4.090000000000    -0.545792438087    -6.479609966256
     4.100000000000    -0.604591564119    -6.518848717100
     4.110000000000    -0.663391704717    -6.558087499172
     4.120000000000    -0.722192842972    -6.597326311693
     4.130000000000    -0.780994962255    -6.636565153901
     4.140000000000    -0.839798046218    -6.675804025053
     4.150000000000    -0.898602078781    -6.715042924427
     4.160000000000    -0.957407044134    -6.754281851316
     4.170000000000    -1.016212926732    -6.793520805033
     4.180000000000    -1.075019711287    -6.832759784907
     4.190000000000    -1.133827382765    -6.871998790285
     4.200000000000    -1.192635926386    -6.911237820528
     4.210000000000    -1.251445327613    -6.950476875014
     4.220000000000    -1.310255572153    -6.989715953139
     4.230000000000    -1.369066645950    -7.028955054311
     4.240000000000    -1.427878535184    -7.068194177953
     4.250000000000    -1.486691226264    -7.107433323504
     4.260000000000    -1.545504705827    -7.146672490416
     4.270000000000    -1.604318960730    -7.185911678156
     4.280000000000    -1.663133978051    -7.225150886202
     4.290000000000    -1.721949745083    -7.264390114047
     4.300000000000    -1.780766249332    -7.303629361196
     4.310000000000    -1.839583478510    -7.342868627166
     4.320000000000    -1.898401420534    -7.382107911487
     4.330000000000    -1.957220063526    -7.421347213700
     4.340000000000    -2.016039395800    -7.460586533357
     4.350000000000    -2.074859405870    -7.499825870023
     4.360000000000    -2.133680082439    -7.539065223273
     4.370000000000    -2.192501414398    -7.578304592691
     4.380000000000    -2.251323390825    -7.617543977874
     4.390000000000    -2.310146000978    -7.656783378427
     4.400000000000    -2.368969234295    -7.696022793966
     4.410000000000    -2.427793080390    -7.735262224117
     4.420000000000    -2.486617529050    -7.774501668514
     4.430000000000    -2.545442570233    -7.813741126801
     4.440000000000    -2.604268194062    -7.852980598631
     4.450000000000    -2.663094390828    -7.892220083665
     4.460000000000    -2.721921150981    -7.931459581574
     4.470000000000    -2.780748465131    -7.970699092034
     4.480000000000    -2.839576324045    -8.009938614734
     4.490000000000    -2.898404718645    -8.049178149365
     4.500000000000    -2.957233640001    -8.088417695631
     4.510000000000    -3.016063079334    -8.127657253240
     4.520000000000    -3.074893028012    -8.166896821909
     4.530000000000    -3.133723477545    -8.206136401362
     4.540000000000    -3.192554419586    -8.245375991327
     4.550000000000    -3.251385845926    -8.284615591544
     4.560000000000    -3.310217748494    -8.323855201756
     4.570000000000    -3.369050119352    -8.363094821712
     4.580000000000    -3.427882950696    -8.402334451169
     4.590000000000    -3.486716234852    -8.441574089890
     4.600000000000    -3.545549964271    -8.480813737643
     4.610000000000    -3.604384131533    -8.520053394201
     4.620000000000    -3.663218729341    -8.559293059346
     4.630000000000    -3.722053750518    -8.598532732863
     4.640000000000    -3.780889188010    -8.637772414541
     4.650000000000    -3.839725034876    -8.677012104178
     4.660000000000    -3.898561284295    -8.716251801573
     4.670000000000    -3.957397929557    -8.755491506534
     4.680000000000    -4.016234964064    -8.794731218871
     4.690000000000    -4.075072381330    -8.833970938399
     4.700000000000    -4.133910174974    -8.873210664939
     4.710000000000    -4.192748338725    -8.912450398315
     4.720000000000    -4.251586866412    -8.951690138357
     4.730000000000    -4.310425751972    -8.990929884899
     4.740000000000    -4.369264989439    -9.030169637776
     4.750000000000    -4.428104572949    -9.069409396832
     4.760000000000    -4.486944496733    -9.108649161911
     4.770000000000    -4.545784755121    -9.147888932863
     4.780000000000    -4.604625342535    -9.187128709542
     4.790000000000    -4.663466253493    -9.226368491803
     4.800000000000    -4.722307482602    -9.265608279508
     4.810000000000    -4.781149024558    -9.304848072520
     4.820000000000    -4.839990874149    -9.344087870707
     4.830000000000    -4.898833026246    -9.383327673940
     4.840000000000    -4.957675475809    -9.422567482091
     4.850000000000    -5.016518217879    -9.461807295039
     4.860000000000    -5.075361247581    -9.501047112663
     4.870000000000    -5.134204560121    -9.540286934846
     4.880000000000    -5.193048150786    -9.579526761475
     4.890000000000    -5.251892014939    -9.618766592438
     4.900000000000    -5.310736148024    -9.658006427627
     4.910000000000    -5.369580545557    -9.697246266937
     4.920000000000    -5.428425203131    -9.736486110263
     4.930000000000    -5.487270116412    -9.775725957507
     4.940000000000    -5.546115281138    -9.814965808569
     4.950000000000    -5.604960693119    -9.854205663355
     4.960000000000    -5.663806348234    -9.893445521771
     4.970000000000    -5.722652242430    -9.932685383727
     4.980000000000    -5.781498371723    -9.971925249133
     4.990000000000    -5.840344732194   -10.011165117905
     5.000000000000    -5.899191319991   -10.050404989957
     5.000000000000    -5.899191319991   -10.050404989958
