     0.000000000000     6.000000000000    -4.000000000000
     0.010000000000     5.890408050265    -3.890685238692
     0.020000000000     5.797645583713    -3.800397558988
     0.030000000000     5.721989949345    -3.729426672594
     0.040000000000     5.663110339608    -3.677409878374
     0.050000000000     5.620080492028    -3.643351256134
     0.060000000000     5.591412760065    -3.625663013479
     0.070000000000     5.575112367782    -3.622227469048
     0.080000000000     5.568749945351    -3.630477427265
     0.090000000000     5.569549791779    -3.647492051781
     0.100000000000     5.574490750565    -3.670104799907
     0.110000000000     5.580416133127    -3.695019557941
     0.120000000000     5.584148799742    -3.718930832284
     0.130000000000     5.582607319935    -3.738643713716
     0.140000000000     5.572919090448    -3.751189346994
     0.150000000000     5.552526390650    -3.753931804452
     0.160000000000     5.519281599095    -3.744662574556
     0.170000000000     5.471528172171    -3.721679323182
     0.180000000000     5.408164483378    -3.683846150876
     0.190000000000     5.328688221973    -3.630633233229
     0.200000000000     5.233219731674    -3.562134470179
     0.210000000000     5.122503409557    -3.479062557124
     0.220000000000     4.997887056418    -3.382721698161
     0.230000000000     4.861279845400    -3.274958980752
     0.240000000000     4.715090328349    -3.158096193177
     0.250000000000     4.562146602739    -3.034844564096
     0.260000000000     4.405601391198    -2.908205512468
     0.270000000000     4.248825318669    -2.781360994349
     0.280000000000     4.095292090182    -2.657557402828
     0.290000000000     3.948459560448    -2.539987205462
     0.300000000000     3.811650834863    -2.431672581827
     0.310000000000     3.687939544735    -2.335355249518
     0.320000000000     3.580043297608    -2.253396442640
     0.330000000000     3.490229021340    -2.187690640675
     0.340000000000     3.420233508019    -2.139596150579
     0.350000000000     3.371201935435    -2.109885038749
     0.360000000000     3.343646518097    -2.098714213857
     0.370000000000     3.337426738773    -2.105618701217
     0.380000000000     3.351751859723    -2.129527351611
     0.390000000000     3.385205636694    -2.168800420868
     0.400000000000     3.435792385447    -2.221287669815
     0.410000000000     3.501002807242    -2.284404895699
     0.420000000000     3.577897292385    -2.355226142259
     0.430000000000     3.663203813644    -2.430588270152
     0.440000000000     3.753427015325    -2.507204122649
     0.450000000000     3.844964716712    -2.581780209623
     0.460000000000     3.934227793953    -2.651134666942
     0.470000000000     4.017759291024    -2.712311234697
     0.480000000000     4.092348642124    -2.762685136691
     0.490000000000     4.155137063368    -2.800057030590
     0.500000000000     4.203710484805    -2.822731622824
     0.510000000000     4.236176833364    -2.829578089730
     0.520000000000     4.251225027884    -2.820070097069
     0.530000000000     4.248163689492    -2.794303940680
     0.540000000000     4.226938281557    -2.752994115648
     0.550000000000     4.188126148461    -2.697446431870
     0.560000000000     4.132909694761    -2.629509601383
     0.570000000000     4.063028709073    -2.551506998271
     0.580000000000     3.980713563308    -2.466151007669
     0.590000000000     3.888601682429    -2.376443010603
     0.600000000000     3.789640259404    -2.285562573467
     0.610000000000     3.686978664329    -2.196749806021
     0.620000000000     3.583854349235    -2.113185105586
     0.630000000000     3.483476268846    -2.037870608314
     0.640000000000     3.388909914805    -1.973517617097
     0.650000000000     3.302967994369    -1.922444071527
     0.660000000000     3.228110576707    -1.886485775267
     0.670000000000     3.166358188231    -1.866924612645
     0.680000000000     3.119220875166    -1.864436386280
     0.690000000000     3.087645683114    -1.879060212310
     0.700000000000     3.071984349982    -1.910190644045
     0.710000000000     3.071982293280    -1.956592885893
     0.720000000000     3.086789220776    -2.016440635892
     0.730000000000     3.114990931269    -2.087375286707
     0.740000000000     3.154661126605    -2.166584450175
     0.750000000000     3.203431353245    -2.250897077003
     0.760000000000     3.258576556327    -2.336891845656
     0.770000000000     3.317113183451    -2.421015014511
     0.780000000000     3.375906338520    -2.499703586106
     0.790000000000     3.431782172996    -2.569509434414
     0.800000000000     3.481641523762    -2.627220002716
     0.810000000000     3.522570769536    -2.669971292645
     0.820000000000     3.551945982485    -2.695349130469
     0.830000000000     3.567526694558    -2.701475105450
     0.840000000000     3.567535970328    -2.687074112734
     0.850000000000     3.550723966469    -2.651521080737
     0.860000000000     3.516412745242    -2.594865197409
     0.870000000000     3.464520774491    -2.517830745030
     0.880000000000     3.395566266370    -2.421794481054
     0.890000000000     3.310649255800    -2.308740333454
     0.900000000000     3.211413071137    -2.181192983527
     0.910000000000     3.099986577310    -2.042132658311
     0.920000000000     2.978909250083    -1.894894122133
     0.930000000000     2.851041745332    -1.743053418242
     0.940000000000     2.719465138086    -1.590306347053
     0.950000000000     2.587372404622    -1.440342961544
     0.960000000000     2.457955993208    -1.296722502167
     0.970000000000     2.334295465732    -1.162753178205
     0.980000000000     2.219249188663    -1.041381030129
     0.990000000000     2.115353907842    -0.935091784370
     1.000000000000     2.024735762675    -0.845829149357
     1.010000000000     1.949035891214    -0.774932416150
     1.020000000000     1.889353262798    -0.723095539396
     1.030000000000     1.846206767348    -0.690349109064
     1.040000000000     1.819517911667    -0.676065807878
     1.050000000000     1.808614746940    -0.678989112597
     1.060000000000     1.812256903615    -0.697284169236
     1.070000000000     1.828680866302    -0.728608982585
     1.080000000000     1.855663908278    -0.770203337179
     1.090000000000     1.890604447663    -0.818992236188
     1.100000000000     1.930616008413    -0.871700129014
     1.110000000000     1.972631489170    -0.924971816340
     1.120000000000     2.013514078535    -0.975495686568
     1.130000000000     2.050170919226    -1.020124858588
     1.140000000000     2.079665524069    -1.055991885387
     1.150000000000     2.099324987221    -1.080612908505
     1.160000000000     2.106838213089    -1.091977536174
     1.170000000000     2.100341696654    -1.088621234625
     1.180000000000     2.078489821462    -1.069677653900
     1.190000000000     2.040507180232    -1.034909033950
     1.200000000000     1.986221048989    -0.984713627828
     1.210000000000     1.916072836889    -0.920109908020
     1.220000000000     1.831108066452    -0.842698159507
     1.230000000000     1.732945186987    -0.754600879022
     1.240000000000     1.623724261602    -0.658384164618
     1.250000000000     1.506037269604    -0.556962965714
     1.260000000000     1.382842406820    -0.453493646292
     1.270000000000     1.257365324161    -0.351257772005
     1.280000000000     1.132990700271    -0.253541348894
     1.290000000000     1.013147881435    -0.163513905725
     1.300000000000     0.901194529535    -0.084111817646
     1.310000000000     0.800302289525    -0.017930115473
     1.320000000000     0.713348419337     0.032873281990
     1.330000000000     0.642817119792     0.066657424822
     1.340000000000     0.590713967270     0.082359366426
     1.350000000000     0.558496399296     0.079534145935
     1.360000000000     0.547022648710     0.058372252337
     1.370000000000     0.556520884995     0.019693921260
     1.380000000000     0.586579623924    -0.035079543147
     1.390000000000     0.636159733144    -0.103976393334
     1.400000000000     0.703627617181    -0.184545183440
     1.410000000000     0.786808436406    -0.273943073473
     1.420000000000     0.883057526023    -0.369038489748
     1.430000000000     0.989347556938    -0.466524412175
     1.440000000000     1.102368441902    -0.563038166937
     1.450000000000     1.218636556222    -0.655283360052
     1.460000000000     1.334609527381    -0.740149502326
     1.470000000000     1.446802662838    -0.814824952615
     1.480000000000     1.551903036243    -0.876899041680
     1.490000000000     1.646877340819    -0.924449624985
     1.500000000000     1.729069841294    -0.956112835891
     1.510000000000     1.796287104635    -0.971132452137
     1.520000000000     1.846866652577    -0.969387025283
     1.530000000000     1.879727239287    -0.951393728388
     1.540000000000     1.894399095856    -0.918288722621
     1.550000000000     1.891033177451    -0.871784698119
     1.560000000000     1.870389174673    -0.814107077303
     1.570000000000     1.833802782804    -0.747911149808
     1.580000000000     1.783133435851    -0.676183108646
     1.590000000000     1.720694381950    -0.602128551781
     1.600000000000     1.649167579713    -0.529052479919
     1.610000000000     1.571506410797    -0.460235142964
     1.620000000000     1.490829614755    -0.398808252107
     1.630000000000     1.410310144066    -0.347636075539
     1.640000000000     1.333062800453    -0.309205772910
     1.650000000000     1.262034542807    -0.285531002273
     1.660000000000     1.199901251615    -0.278072364617
     1.670000000000     1.148974498772    -0.287677651825
     1.680000000000     1.111121513529    -0.314544155239
     1.690000000000     1.087701067894    -0.358204499497
     1.700000000000     1.079517444450    -0.417536618300
     1.710000000000     1.086794016052    -0.490797615868
     1.720000000000     1.109167282257    -0.575680391673
     1.730000000000     1.145701495528    -0.669391077874
     1.740000000000     1.194923295957    -0.768744578982
     1.750000000000     1.254875081154    -0.870274839187
     1.760000000000     1.323185192022    -0.970355919035
     1.770000000000     1.397152417607    -1.065329559551
     1.780000000000     1.473841832763    -1.151634663638
     1.790000000000     1.550188597926    -1.225934040975
     1.800000000000     1.623106083600    -1.285233847237
     1.810000000000     1.689594542389    -1.326991398547
     1.820000000000     1.746846542770    -1.349207449148
     1.830000000000     1.792345501529    -1.350499569980
     1.840000000000     1.823953900971    -1.330153938543
     1.850000000000     1.839988143912    -1.288153622213
     1.860000000000     1.839277470963    -1.225182280204
     1.870000000000     1.821204924083    -1.142603093343
     1.880000000000     1.785728968312    -1.042413623751
     1.890000000000     1.733385058030    -0.927178176094
     1.900000000000     1.665267131568    -0.799940046662
     1.910000000000     1.582989714397    -0.664116776438
     1.920000000000     1.488631982297    -0.523382142952
     1.930000000000     1.384665758805    -0.381539110223
     1.940000000000     1.273869974344    -0.242388288700
     1.950000000000     1.159234578976    -0.109596625310
     1.960000000000     1.043857260673     0.013428958908
     1.970000000000     0.930836564391     0.123658439935
     1.980000000000     0.823165125808     0.218541865960
     1.990000000000     0.723626723608     0.296095124187
     2.000000000000     0.634700716343     0.354965214661
     2.010000000000     0.558477169199     0.394472687488
     2.020000000000     0.496585601696     0.414629727103
     2.030000000000     0.450139812734     0.416133250922
     2.040000000000     0.419700680870     0.400333297665
     2.050000000000     0.405258214862     0.369177879804
     2.060000000000     0.406233463831     0.325136332162
     2.070000000000     0.421500210888     0.271103973247
     2.080000000000     0.449425692366     0.210291578662
     2.090000000000     0.487928930330     0.146103721698
     2.100000000000     0.534554661134     0.082010444435
     2.110000000000     0.586560308257     0.021416968110
     2.120000000000     0.641013001488    -0.032463775226
     2.130000000000     0.694893301966    -0.076731109597
     2.140000000000     0.745202065045    -0.108904674054
     2.150000000000     0.789066768042    -0.127016603007
     2.160000000000     0.823843650836    -0.129684439544
     2.170000000000     0.847212163150    -0.116162101033
     2.180000000000     0.857258477755    -0.086367023660
     2.190000000000     0.852545204545    -0.040882490172
     2.200000000000     0.832164913264     0.019064939288
     2.210000000000     0.795775626299     0.091652053240
     2.220000000000     0.743617058340     0.174527941135
     2.230000000000     0.676507035610     0.264902712888
     2.240000000000     0.595818201505     0.359652691446
     2.250000000000     0.503435784727     0.455438169431
     2.260000000000     0.401697847666     0.548829349570
     2.270000000000     0.293320025143     0.636435778614
     2.280000000000     0.181307286664     0.715034447598
     2.290000000000     0.068855691496     0.781691773243
     2.300000000000    -0.040752559385     0.833874894842
     2.310000000000    -0.144257248171     0.869548110730
     2.320000000000    -0.238527813050     0.887250824237
     2.330000000000    -0.320666960335     0.886154051295
     2.340000000000    -0.388106749217     0.866093335587
     2.350000000000    -0.438693940980     0.827576793268
     2.360000000000    -0.470761770500     0.771767935542
     2.370000000000    -0.483185758520     0.700443859450
     2.380000000000    -0.475421722817     0.615930320221
     2.390000000000    -0.447524746301     0.521016067918
     2.400000000000    -0.400148500060     0.418849614477
     2.410000000000    -0.334524977500     0.312822264880
     2.420000000000    -0.252425350005     0.206441773010
     2.430000000000    -0.156103282725     0.103201348391
     2.440000000000    -0.048222630352     0.006448930216
     2.450000000000     0.068228052372    -0.080738347864
     2.460000000000     0.190031319250    -0.155669755962
     2.470000000000     0.313843760165    -0.216142238596
     2.480000000000     0.436302621870    -0.260523488664
     2.490000000000     0.554132586164    -0.287813624343
     2.500000000000     0.664249178097    -0.297683059952
     2.510000000000     0.763855403174    -0.290485047048
     2.520000000000     0.850528451864    -0.267242308269
     2.530000000000     0.922293653643    -0.229608158729
     2.540000000000     0.977683299147    -0.179803471605
     2.550000000000     1.015778462873    -0.120531760103
     2.560000000000     1.036232532598    -0.054875482527
     2.570000000000     1.039275765796     0.013822600844
     2.580000000000     1.025700827174     0.082088608657
     2.590000000000     0.996829893596     0.146452427759
     2.600000000000     0.954464522183     0.203583241841
     2.610000000000     0.900820043840     0.250420580000
     2.620000000000     0.838446749378     0.284295907539
     2.630000000000     0.770140562085     0.303040110894
     2.640000000000     0.698846225342     0.305072734592
     2.650000000000     0.627556266027     0.289469492630
     2.660000000000     0.559209116721     0.256005375426
     2.670000000000     0.496589788837     0.205171577292
     2.680000000000     0.442236384910     0.138165444854
     2.690000000000     0.398355525627     0.056853657617
     2.700000000000     0.366749453418    -0.036290139717
     2.710000000000     0.348757170543    -0.138271065667
     2.720000000000     0.345211489714    -0.245679012700
     2.730000000000     0.356413335590    -0.354811081953
     2.740000000000     0.382124054466    -0.461805944794
     2.750000000000     0.421575886588    -0.562785161056
     2.760000000000     0.473500150976    -0.653996195406
     2.770000000000     0.536172106490    -0.731951781450
     2.780000000000     0.607470904542    -0.793560392431
     2.790000000000     0.684952556218    -0.836242884691
     2.800000000000     0.765933415708    -0.858030875032
     2.810000000000     0.847581346389    -0.857643077989
     2.820000000000     0.927011496132    -0.834536639754
     2.830000000000     1.001383471998    -0.788931432127
     2.840000000000     1.067996675070    -0.721806278121
     2.850000000000     1.124380634312    -0.634867132961
     2.860000000000     1.168377360598    -0.530488300598
     2.870000000000     1.198213021891    -0.411628786617
     2.880000000000     1.212556608034    -0.281726834529
     2.890000000000     1.210563696138    -0.144576527797
     2.900000000000     1.191903929978    -0.004191032076
     2.910000000000     1.156771372223     0.135342425833
     2.920000000000     1.105877458509     0.270010414740
     2.930000000000     1.040426858271     0.396018437461
     2.940000000000     0.962077110051     0.509927880651
     2.950000000000     0.872883430013     0.608779598124
     2.960000000000     0.775230574633     0.690199440275
     2.970000000000     0.671754056149     0.752481713424
     2.980000000000     0.565253349302     0.794647380028
     2.990000000000     0.458599979292     0.816474763079
     3.000000000000     0.354643536089     0.818501559714
     3.010000000000     0.256118714845     0.801998060817
     3.020000000000     0.165556434805     0.768912573554
     3.030000000000     0.085201942182     0.721791110254
     3.040000000000     0.016942561206     0.663674398672
     3.050000000000    -0.037752569501     0.597976147011
     3.060000000000    -0.077878839748     0.528347227732
     3.070000000000    -0.102927117042     0.458530998221
     3.080000000000    -0.112898337933     0.392215331667
     3.090000000000    -0.108301314242     0.332887073066
     3.100000000000    -0.090133875283     0.283694556763
     3.110000000000    -0.059848008850     0.247323525059
     3.120000000000    -0.019300181103     0.225891282598
     3.130000000000     0.029311507999     0.220863226874
     3.140000000000     0.083521256575     0.232995037278
     3.150000000000     0.140678151702     0.262302815945
     3.160000000000     0.198034720028     0.308062391121
     3.170000000000     0.252838556332     0.368837859367
     3.180000000000     0.302424059599     0.442538300578
     3.190000000000     0.344301313517     0.526500494088
     3.200000000000     0.376239250997     0.617594438281
     3.210000000000     0.396340436265     0.712347570832
     3.220000000000     0.403105076649     0.807082837928
     3.230000000000     0.395482229843     0.898065198904
     3.240000000000     0.372906589353     0.981650800663
     3.250000000000     0.335319697367     1.054432929209
     3.260000000000     0.283174935157     1.113378949855
     3.270000000000     0.217426160107     1.155952780423
     3.280000000000     0.139500379007     1.180217991479
     3.290000000000     0.051255352630     1.184917373749
     3.300000000000    -0.045076499002     1.169525727427
     3.310000000000    -0.146956092805     1.134273675762
     3.320000000000    -0.251615413181     1.080141445775
     3.330000000000    -0.356142511061     1.008822747517
     3.340000000000    -0.457571086335     0.922660073263
     3.350000000000    -0.552971835159     0.824553882291
     3.360000000000    -0.639542699760     0.717849189670
     3.370000000000    -0.714695204754     0.606203996434
     3.380000000000    -0.776134198610     0.493444746213
     3.390000000000    -0.821928536842     0.383414538892
     3.400000000000    -0.850570537411     0.279820152165
     3.410000000000    -0.861022398904     0.186084002543
     3.420000000000    -0.852748186531     0.105207013676
     3.430000000000    -0.825730446584     0.039647956521
     3.440000000000    -0.780470992080    -0.008775802608
     3.450000000000    -0.717975895679    -0.038962040209
     3.460000000000    -0.639725215216    -0.050568794078
     3.470000000000    -0.547628446893    -0.044028887281
     3.480000000000    -0.443967137187    -0.020533100517
     3.490000000000    -0.331326473173     0.018017507998
     3.500000000000    -0.212518000871     0.069088391362
     3.510000000000    -0.090495882319     0.129614484877
     3.520000000000     0.031730713023     0.196125359011
     3.530000000000     0.151186383461     0.264887634780
     3.540000000000     0.265016718286     0.332059013867
     3.550000000000     0.370571314935     0.393847770261
     3.560000000000     0.465480081731     0.446671288954
     3.570000000000     0.547720539838     0.487307232853
     3.580000000000     0.615674128719     0.513031173310
     3.590000000000     0.668169869415     0.521735024464
     3.600000000000     0.704514137929     0.512021358135
     3.610000000000     0.724505734524     0.483269616435
     3.620000000000     0.728435890050     0.435671346865
     3.630000000000     0.717073313491     0.370232816043
     3.640000000000     0.691634841475     0.288744664258
     3.650000000000     0.653742686605     0.193719591542
     3.660000000000     0.605369683955     0.088300363221
     3.670000000000     0.548774291937    -0.023858363836
     3.680000000000     0.486427404353    -0.138729813625
     3.690000000000     0.420933266234    -0.252070980408
     3.700000000000     0.354946950117    -0.359588468763
     3.710000000000     0.291090937555    -0.457107678726
     3.720000000000     0.231873360514    -0.540738556217
     3.730000000000     0.179610389457    -0.607031228518
     3.740000000000     0.136355111781    -0.653115215572
     3.750000000000     0.103835030893    -0.676816536955
     3.760000000000     0.083400039613    -0.676747897567
     3.770000000000     0.075982390498    -0.652368198528
     3.780000000000     0.082069810673    -0.604008841388
     3.790000000000     0.101692501454    -0.532865624587
     3.800000000000     0.134424335934    -0.440956417511
     3.810000000000     0.179398133973    -0.331046183046
     3.820000000000     0.235334466730    -0.206542247756
     3.830000000000     0.300583034863    -0.071363934967
     3.840000000000     0.373175288041     0.070208270169
     3.850000000000     0.450886619522     0.213698007055
     3.860000000000     0.531306188062     0.354606155512
     3.870000000000     0.611912198466     0.488584821714
     3.880000000000     0.690150317922     0.611605180527
     3.890000000000     0.763512822057     0.720112392797
     3.900000000000     0.829616054548     0.811161326666
     3.910000000000     0.886273846901     0.882527580943
     3.920000000000     0.931564678404     0.932789305274
     3.930000000000     0.963890555837     0.961376496258
     3.940000000000     0.982025851964     0.968585772571
     3.950000000000     0.985154652961     0.955560041509
     3.960000000000     0.972895518317     0.924233906283
     3.970000000000     0.945312941383     0.877247068634
     3.980000000000     0.902915203200     0.817829296717
     3.990000000000     0.846638724201     0.749661699037
     4.000000000000     0.777819425524     0.676720022705
     4.010000000000     0.698152001988     0.603106437281
     4.020000000000     0.609638370549     0.532876742741
     4.030000000000     0.514526880732     0.469870131061
     4.040000000000     0.415244147613     0.417548527029
     4.050000000000     0.314321585462     0.378852138860
     4.060000000000     0.214318874881     0.356077178716
     4.070000000000     0.117746683745     0.350780794826
     4.080000000000     0.026990980241     0.363717128135
     4.090000000000    -0.055758775717     0.394807114094
     4.100000000000    -0.128575396522     0.443143247834
     4.110000000000    -0.189851704717     0.507029076840
     4.120000000000    -0.238348506341     0.584051740002
     4.130000000000    -0.273231356206     0.671184495835
     4.140000000000    -0.294095008878     0.764914933361
     4.150000000000    -0.300974819028     0.861393488826
     4.160000000000    -0.294344746178     0.956596045217
     4.170000000000    -0.275102020228     1.046493804766
     4.180000000000    -0.244538923442     1.127223322332
     4.190000000000    -0.204302530216     1.195249582299
     4.200000000000    -0.156343606329     1.247515294119
     4.210000000000    -0.102856194086     1.281570159487
     4.220000000000    -0.046209689086     1.295674703570
     4.230000000000     0.011124559909     1.288874328436
     4.240000000000     0.066649930956     1.261040494344
     4.250000000000     0.117922191284     1.212877311673
     4.260000000000     0.162625812168     1.145893275128
     4.270000000000     0.198646643165     1.062339331921
     4.280000000000     0.224138757259     0.965115885508
     4.290000000000     0.237583448152     0.857652637209
     4.300000000000     0.237838590651     0.743766305027
     4.310000000000     0.224176858184     0.627502184714
     4.320000000000     0.196311619575     0.512966193741
     4.330000000000     0.154409700824     0.404154436258
     4.340000000000     0.099090585999     0.304787429752
     4.350000000000     0.031412033182     0.218155937811
     4.360000000000    -0.047157515234     0.146984866719
     4.370000000000    -0.134778955448     0.093320926904
     4.380000000000    -0.229293834716     0.058448765695
     4.390000000000    -0.328285471392     0.042839087011
     4.400000000000    -0.429148105167     0.046130936656
     4.410000000000    -0.529162056488     0.067148904804
     4.420000000000    -0.625572689605     0.103954539787
     4.430000000000    -0.715670853861     0.153929840345
     4.440000000000    -0.796872426419     0.213889356573
     4.450000000000    -0.866794598462     0.280216238620
     4.460000000000    -0.923326635491     0.349016576069
     4.470000000000    -0.964692998516     0.416285611234
     4.480000000000    -0.989506932160     0.478078917355
     4.490000000000    -0.996812901804     0.530681428117
     4.500000000000    -0.986116586922     0.570767295751
     4.510000000000    -0.957401502272     0.595543937080
     4.520000000000    -0.911131711964     0.602874283545
     4.530000000000    -0.848240512128     0.591372154836
     4.540000000000    -0.770105373815     0.560466788051
     4.550000000000    -0.678509846588     0.510433828853
     4.560000000000    -0.575593512818     0.442391474679
     4.570000000000    -0.463791441355     0.358261895159
     4.580000000000    -0.345764906177     0.260699482127
     4.590000000000    -0.224325401215     0.152988842058
     4.600000000000    -0.102354188627     0.038916681477
     4.610000000000     0.017280241981    -0.077377199611
     4.620000000000     0.131804356182    -0.191563743361
     4.630000000000     0.238618955056    -0.299296638612
     4.640000000000     0.335373385317    -0.396385511227
     4.650000000000     0.420032358762    -0.478963280793
     4.660000000000     0.490933375200    -0.543640914855
     4.670000000000     0.546833018694    -0.587643337991
     4.680000000000     0.586940725792    -0.608921032035
     4.690000000000     0.610938996805    -0.606232862767
     4.700000000000     0.618989426119    -0.579196845431
     4.710000000000     0.611724353038    -0.528306867904
     4.720000000000     0.590224368019    -0.454914772105
     4.730000000000     0.555982337266    -0.361178594765
     4.740000000000     0.510855018678    -0.249979130806
     4.750000000000     0.457003721422    -0.124808251112
     4.760000000000     0.396825798366     0.010366469737
     4.770000000000     0.332879044765     0.151255325884
     4.780000000000     0.267801298964     0.293412055081
     4.790000000000     0.204227694380     0.432404764353
     4.800000000000     0.144708091557     0.563985371590
     4.810000000000     0.091627221751     0.684250821658
     4.820000000000     0.047129998765     0.789789700267
     4.830000000000     0.013054305460     0.877808488261
     4.840000000000    -0.009126660447     0.946232546656
     4.850000000000    -0.018350683551     0.993777962910
     4.860000000000    -0.014000016753     1.019991578437
     4.870000000000     0.004079007931     1.025257807349
     4.880000000000     0.035570882873     1.010772194151
     4.890000000000     0.079700534894     0.978482989537
     4.900000000000     0.135257379009     0.931003294947
     4.910000000000     0.200633103614     0.871497487517
     4.920000000000     0.273872045091     0.803546641532
     4.930000000000     0.352732613263     0.730998471364
     4.940000000000     0.434757878148     0.657807902915
     4.950000000000     0.517353134425     0.587874714251
     4.960000000000     0.597868032315     0.524884759657
     4.970000000000     0.673680709939     0.472161103817
     4.980000000000     0.742281287738     0.432530953585
     4.990000000000     0.801352093310     0.408213603257
     5.000000000000     0.848842075218     0.400733734001
     5.010000000000     0.883033034835     0.410863365532
     5.020000000000     0.902595551252     0.438594591154
     5.030000000000     0.906632788594     0.483143983448
     5.040000000000     0.894710748320     0.542988287210
     5.050000000000     0.866873949960     0.615929769764
     5.060000000000     0.823645979346     0.699188425808
     5.070000000000     0.766014819617     0.789517180725
     5.080000000000     0.695403362228     0.883335343813
     5.090000000000     0.613625967717     0.976874865453
     5.100000000000     0.522832394029     1.066333476117
     5.110000000000     0.425440819373     1.148028547653
     5.120000000000     0.324062043694     1.218545526066
     5.130000000000     0.221417246064     1.274875038053
     5.140000000000     0.120251894865     1.314533258923
     5.150000000000     0.023248546011     1.335660826461
     5.160000000000    -0.067058683441     1.337096464642
     5.170000000000    -0.148365215382     1.318422506864
     5.180000000000    -0.218670058146     1.279980638898
     5.190000000000    -0.276340384475     1.222857371813
     5.200000000000    -0.320164511271     1.148839957243
     5.210000000000    -0.349391510834     1.060344624135
     5.220000000000    -0.363756101022     0.960320101739
     5.230000000000    -0.363487925859     0.852130356035
     5.240000000000    -0.349304834087     0.739421268770
     5.250000000000    -0.322390275343     0.625976599630
     5.260000000000    -0.284355445707     0.515568969758
     5.270000000000    -0.237187309893     0.411811774795
     5.280000000000    -0.183184090206     0.318017872643
     5.290000000000    -0.124880227501     0.237070599042
     5.300000000000    -0.064963172888     0.171312155832
     5.310000000000    -0.006184649068     0.122453713513
     5.320000000000     0.048730782787     0.091510700168
     5.330000000000     0.097176907661     0.078765747801
     5.340000000000     0.136753837164     0.083760674598
     5.350000000000     0.165349912803     0.105317740533
     5.360000000000     0.181214835119     0.141589268818
     5.370000000000     0.183021586423     0.190133621508
     5.380000000000     0.169915060075     0.248014496684
     5.390000000000     0.141545724667     0.311919616242
     5.400000000000     0.098087123923     0.378294131539
     5.410000000000     0.040236527948     0.443483516778
     5.420000000000    -0.030801407866     0.503880367691
     5.430000000000    -0.113347570757     0.556069388208
     5.440000000000    -0.205296959835     0.596964934462
     5.450000000000    -0.304181438049     0.623935789174
     5.460000000000    -0.407244738935     0.634912347205
     5.470000000000    -0.511527390190     0.628472084460
     5.480000000000    -0.613958879292     0.603900029609
     5.490000000000    -0.711454134168     0.561221928076
     5.500000000000    -0.801011233185     0.501208842507
     5.510000000000    -0.879807199359     0.425353032646
     5.520000000000    -0.945288776215     0.335816057916
     5.530000000000    -0.995255226610     0.235351105914
     5.540000000000    -1.027930436913     0.127202529293
     5.550000000000    -1.042021940201     0.014986434975
     5.560000000000    -1.036764883086    -0.097443118716
     5.570000000000    -1.011949438797    -0.206137226131
     5.580000000000    -0.967930698753    -0.307199109149
     5.590000000000    -0.905620639223    -0.396929400478
     5.600000000000    -0.826462340372    -0.471964252879
     5.610000000000    -0.732387213213    -0.529401079025
     5.620000000000    -0.625756546586    -0.566907209613
     5.630000000000    -0.509289202990    -0.582807416513
     5.640000000000    -0.385977751565    -0.576147057341
     5.650000000000    -0.258995713367    -0.546728526516
     5.660000000000    -0.131598895166    -0.495119709891
     5.670000000000    -0.007023992788    -0.422634196770
     5.680000000000     0.111612253554    -0.331284064465
     5.690000000000     0.221410075631    -0.223707076461
     5.700000000000     0.319776702745    -0.103071087285
     5.710000000000     0.404506452496     0.027040710166
     5.720000000000     0.473848259157     0.162759356885
     5.730000000000     0.526558416528     0.300069645567
     5.740000000000     0.561936791573     0.434954359292
     5.750000000000     0.579845304164     0.563537853299
     5.760000000000     0.580708049217     0.682223651237
     5.770000000000     0.565493041373     0.787820975806
     5.780000000000     0.535676169154     0.877655571132
     5.790000000000     0.493188535131     0.949660783242
     5.800000000000     0.440348911287     1.002445621747
     5.810000000000     0.379783535995     1.035337401319
     5.820000000000     0.314335903903     1.048397522195
     5.830000000000     0.246969538179     1.042409958526
     5.840000000000     0.180666974227     1.018843043717
     5.850000000000     0.118328316796     0.979786134922
     5.860000000000     0.062672753407     0.927863667548
     5.870000000000     0.016146315119     0.866129940592
     5.880000000000    -0.019161026665     0.797948674552
     5.890000000000    -0.041586144936     0.726861929919
     5.900000000000    -0.049949041453     0.656453346432
     5.910000000000    -0.043592730461     0.590210848315
     5.920000000000    -0.022405368361     0.531393952822
     5.930000000000     0.013176130033     0.482910619840
     5.940000000000     0.062181126610     0.447208197528
     5.950000000000     0.123138456480     0.426182468294
     5.960000000000     0.194126682600     0.421108102131
     5.970000000000     0.272839727191     0.432593007330
     5.980000000000     0.356665675643     0.460558162781
     5.990000000000     0.442776098385     0.504243555780
     6.000000000000     0.528222874416     0.562239870443
     6.010000000000     0.610039239281     0.632544611016
     6.020000000000     0.685341629507     0.712640437315
     6.030000000000     0.751428860441     0.799592669613
     6.040000000000     0.805875256667     0.890162217693
     6.050000000000     0.846614551326     0.980929628988
     6.060000000000     0.872011676605     1.068425553972
     6.070000000000     0.880919972305     1.149262707120
     6.080000000000     0.872721829418     1.220264366283
     6.090000000000     0.847351344777     1.278584602664
     6.100000000000     0.805298172204     1.321815761292
     6.110000000000     0.747592394784     1.348079205197
     6.120000000000     0.675770890166     1.356095976119
     6.130000000000     0.591826294182     1.345234786373
     6.140000000000     0.498140265955     1.315535611561
     6.150000000000     0.397403299414     1.267708070073
     6.160000000000     0.292523793231     1.203104718534
     6.170000000000     0.186529467173     1.123670327479
     6.180000000000     0.082464484755     1.031869093878
     6.190000000000    -0.016714199972     0.930592563862
     6.200000000000    -0.108237715443     0.823051750057
     6.210000000000    -0.189619892635     0.712657507475
     6.220000000000    -0.258742361828     0.602893658807
     6.230000000000    -0.313927170896     0.497187619090
     6.240000000000    -0.353994387482     0.398783351959
     6.250000000000    -0.378302653438     0.310621392573
     6.260000000000    -0.386771237455     0.235230400082
     6.270000000000    -0.379882761455     0.174634265633
     6.280000000000    -0.358666436554     0.130278217171
     6.290000000000    -0.324662312975     0.102976651559
     6.300000000000    -0.279867702057     0.092884614475
     6.310000000000    -0.226667545236     0.099493969308
     6.320000000000    -0.167751063129     0.121654380313
     6.330000000000    -0.106017498340     0.157618316651
     6.340000000000    -0.044474151481     0.205108396228
     6.350000000000     0.013869812341     0.261404564227
     6.360000000000     0.066110149819     0.323447870880
     6.370000000000     0.109551246240     0.387957003139
     6.380000000000     0.141803160861     0.451553257400
     6.390000000000     0.160868642443     0.510889332332
     6.400000000000     0.165217076426     0.562777182978
     6.410000000000     0.153842760576     0.604310214356
     6.420000000000     0.126305432298     0.632975303082
     6.430000000000     0.082751570408     0.646750510940
     6.440000000000     0.023915646714     0.644184880779
     6.450000000000    -0.048898813883     0.624457363094
     6.460000000000    -0.133857815294     0.587412686730
     6.470000000000    -0.228653890105     0.533572831250
     6.480000000000    -0.330579658273     0.464123650646
     6.490000000000    -0.436615511786     0.380877105509
     6.500000000000    -0.543528499988     0.286210450508
     6.510000000000    -0.647979096320     0.182984563522
     6.520000000000    -0.746632245601     0.074444361699
     6.530000000000    -0.836268931737    -0.035895099591
     6.540000000000    -0.913894474766    -0.144372729786
     6.550000000000    -0.976839864927    -0.247311224092
     6.560000000000    -1.022852666939    -0.341147912837
     6.570000000000    -1.050174372660    -0.422561914570
     6.580000000000    -1.057601533167    -0.488593004701
     6.590000000000    -1.044528546907    -0.536747914013
     6.600000000000    -1.010970600420    -0.565090228776
     6.610000000000    -0.957565931140    -0.572310659539
     6.620000000000    -0.885557284999    -0.557775157113
     6.630000000000    -0.796753150847    -0.521549155735
     6.640000000000    -0.693470044787    -0.464397085806
     6.650000000000    -0.578457766513    -0.387757190403
     6.660000000000    -0.454810134296    -0.293692568845
     6.670000000000    -0.325864205068    -0.184820224603
     6.680000000000    -0.195091383750    -0.064220683116
     6.690000000000    -0.065984107678     0.064668560858
     6.700000000000     0.058058052360     0.198171931605
     6.710000000000     0.173839008806     0.332502726252
     6.720000000000     0.278469734668     0.463893583089
     6.730000000000     0.369461282233     0.588725797545
     6.740000000000     0.444804082923     0.703652871533
     6.750000000000     0.503030836225     0.805713900591
     6.760000000000     0.543260856917     0.892432779820
     6.770000000000     0.565224385098     0.961899730115
     6.780000000000     0.569266050896     1.012832291381
     6.790000000000     0.556327401674     1.044613675723
     6.800000000000     0.527909119232     1.057307193902
     6.810000000000     0.486014253222     1.051646332714
     6.820000000000     0.433074450433     1.029000938222
     6.830000000000     0.371861745188     0.991320818162
     6.840000000000     0.305388973469     0.941058885494
     6.850000000000     0.236802265168     0.881076694876
     6.860000000000     0.169269341466     0.814535848796
     6.870000000000     0.105867488029     0.744779247746
     6.880000000000     0.049475084524     0.675206511801
     6.890000000000     0.002670446249     0.609148096654
     6.900000000000    -0.032358521271     0.549742659158
     6.910000000000    -0.053890730402     0.499822094863
     6.920000000000    -0.060731743046     0.461808378203
     6.930000000000    -0.052254963680     0.437625895820
     6.940000000000    -0.028422780599     0.428632391311
     6.950000000000     0.010213059441     0.435570956441
     6.960000000000     0.062531834396     0.458544734496
     6.970000000000     0.126884255524     0.497015174083
     6.980000000000     0.201151470575     0.549823816152
     6.990000000000     0.282820581787     0.615236744487
     7.000000000000     0.369074022217     0.691010010997
     7.010000000000     0.456889649487     0.774473591483
     7.020000000000     0.543148041086     0.862630762166
     7.030000000000     0.624743222839     0.952269236073
     7.040000000000     0.698692941269     1.040079980981
     7.050000000000     0.762244605452     1.122779371783
     7.060000000000     0.812973174431     1.197230219319
     7.070000000000     0.848867547068     1.260557268447
     7.080000000000     0.868402412797     1.310252968396
     7.090000000000     0.870593030176     1.344269680184
     7.100000000000     0.855030997718     1.361094985780
     7.110000000000     0.821899747533     1.359807383472
     7.120000000000     0.771969203474     1.340110370782
     7.130000000000     0.706569777018     1.302343704414
     7.140000000000     0.627546600405     1.247471457253
     7.150000000000     0.537195592149     1.177047335535
     7.160000000000     0.438183590540     1.093158544316
     7.170000000000     0.333455353640     0.998350266597
     7.180000000000     0.226130689704     0.895533522902
     7.190000000000     0.119395333477     0.787879778533
     7.200000000000     0.016389408903     0.678706143556
     7.210000000000    -0.079902590608     0.571355348803
     7.220000000000    -0.166756420515     0.469074867678
     7.230000000000    -0.241803602034     0.374899581845
     7.240000000000    -0.303114451507     0.291542258061
     7.250000000000    -0.349265669716     0.221295818452
     7.260000000000    -0.379390076521     0.165950957736
     7.270000000000    -0.393206699944     0.126732104045
     7.280000000000    -0.391030116624     0.104254055057
     7.290000000000    -0.373758668440     0.098500872406
     7.300000000000    -0.342841922509     0.108827811648
     7.310000000000    -0.300228472901     0.133986231629
     7.320000000000    -0.248295876308     0.172170595851
     7.330000000000    -0.189765146515     0.221085879401
     7.340000000000    -0.127602781179     0.278032956808
     7.350000000000    -0.064913740081     0.340008895499
     7.360000000000    -0.004829120522     0.403818539557
     7.370000000000     0.049607528500     0.466193358686
     7.380000000000     0.095551253614     0.523913272359
     7.390000000000     0.130460188191     0.573927048391
     7.400000000000     0.152189789016     0.613466922787
     7.410000000000     0.159073469899     0.640153291616
     7.420000000000     0.149986751304     0.652085678786
     7.430000000000     0.124392614688     0.647916672976
     7.440000000000     0.082366402101     0.626906135215
     7.450000000000     0.024599312939     0.588953683709
     7.460000000000    -0.047619704142     0.534608239352
     7.470000000000    -0.132443111367     0.465054235920
     7.480000000000    -0.227523704174     0.382074933980
     7.490000000000    -0.330091312343     0.287994097086
     7.500000000000    -0.437044670858     0.185598063579
     7.510000000000    -0.545055315683     0.078040949540
     7.520000000000    -0.650679932651    -0.031263676821
     7.530000000000    -0.750477284563    -0.138760823599
     7.540000000000    -0.841125673250    -0.240877631580
     7.550000000000    -0.919536865748    -0.334148083589
     7.560000000000    -0.982962528176    -0.415334447554
     7.570000000000    -1.029089463552    -0.481541147382
     7.580000000000    -1.056120331982    -0.530317022367
     7.590000000000    -1.062837030270    -0.559742346399
     7.600000000000    -1.048644505814    -0.568497517754
     7.610000000000    -1.013593455718    -0.555910979717
     7.620000000000    -0.958381093132    -0.521984668196
     7.630000000000    -0.884329923143    -0.467396078871
     7.640000000000    -0.793345233787    -0.393476874599
     7.650000000000    -0.687852747142    -0.302168784490
     7.660000000000    -0.570718565141    -0.195958349498
     7.670000000000    -0.445154160649    -0.077792817130
     7.680000000000    -0.314609684788     0.049019846756
     7.690000000000    -0.182659268266     0.180923301603
     7.700000000000    -0.052882273236     0.314233570075
     7.710000000000     0.071255406781     0.445263916411
     7.720000000000     0.186515903311     0.570449470018
     7.730000000000     0.289995834746     0.686467213973
     7.740000000000     0.379221005248     0.790347128474
     7.750000000000     0.452226083030     0.879570598882
     7.760000000000     0.507616524662     0.952152655349
     7.770000000000     0.544610631793     1.006705189629
     7.780000000000     0.563060320233     1.042478973828
     7.790000000000     0.563449924316     1.059383061241
     7.800000000000     0.546873125957     1.057980954093
     7.810000000000     0.514988860979     1.039463748187
     7.820000000000     0.469957788282     1.005601280878
     7.830000000000     0.414361584667     0.958673087236
     7.840000000000     0.351107925874     0.901381682227
     7.850000000000     0.283324511531     0.836751308819
     7.860000000000     0.214245871043     0.768015801150
     7.870000000000     0.147096935436     0.698499590321
     7.880000000000     0.084977468284     0.631496114638
     7.890000000000     0.030751413202     0.570147978177
     7.900000000000    -0.013054962677     0.517333128659
     7.910000000000    -0.044342564106     0.475561100591
     7.920000000000    -0.061513476225     0.446883000798
     7.930000000000    -0.063526909431     0.432818414097
     7.940000000000    -0.049935143202     0.434301795059
     7.950000000000    -0.020898238631     0.451650209504
     7.960000000000     0.022822960501     0.484553521746
     7.970000000000     0.079895251737     0.532087318229
     7.980000000000     0.148461880611     0.592748043803
     7.990000000000     0.226209968615     0.664509032547
     8.000000000000     0.310454144713     0.744895369214
     8.000000000000     0.310454144714     0.744895369215
