     0.000000000000     1.719491084441     1.486656205024     2.230837837435
     0.010000000000     1.719000584441     1.486165705024     2.230347337435
     0.020000000000     1.717529084441     1.484694205024     2.228875837435
     0.030000000000     1.715076584441     1.482241705024     2.226423337435
     0.040000000000     1.711643084441     1.478808205024     2.222989837435
     0.050000000000     1.707228584441     1.474393705024     2.218575337435
     0.060000000000     1.701833084441     1.468998205024     2.213179837435
     0.070000000000     1.695456584441     1.462621705024     2.206803337435
     0.080000000000     1.688099084441     1.455264205024     2.199445837435
     0.090000000000     1.679760584441     1.446925705024     2.191107337435
     0.100000000000     1.670441084441     1.437606205024     2.181787837435
     0.110000000000     1.660140584441     1.427305705024     2.171487337435
     0.120000000000     1.648859084441     1.416024205024     2.160205837435
     0.130000000000     1.636596584441     1.403761705024     2.147943337435
     0.140000000000     1.623353084441     1.390518205024     2.134699837435
     0.150000000000     1.609128584441     1.376293705024     2.120475337435
     0.160000000000     1.593923084441     1.361088205024     2.105269837435
     0.170000000000     1.577736584441     1.344901705024     2.089083337435
     0.180000000000     1.560569084441     1.327734205024     2.071915837435
     0.190000000000     1.542420584441     1.309585705024     2.053767337435
     0.200000000000     1.523291084441     1.290456205024     2.034637837435
     0.210000000000     1.503180584441     1.270345705024     2.014527337435
     0.220000000000     1.482089084441     1.249254205024     1.993435837435
     0.230000000000     1.460016584441     1.227181705024     1.971363337435
     0.240000000000     1.436963084441     1.204128205024     1.948309837435
     0.250000000000     1.412928584441     1.180093705024     1.924275337435
     0.260000000000     1.387913084441     1.155078205024     1.899259837435
     0.270000000000     1.361916584441     1.129081705024     1.873263337435
     0.280000000000     1.334939084441     1.102104205024     1.846285837435
     0.290000000000     1.306980584441     1.074145705024     1.818327337435
     0.300000000000     1.278041084441     1.045206205024     1.789387837435
     0.310000000000     1.248120584441     1.015285705024     1.759467337435
     0.320000000000     1.217219084441     0.984384205024     1.728565837435
     0.330000000000     1.185336584441     0.952501705024     1.696683337435
     0.340000000000     1.152473084441     0.919638205024     1.663819837435
     0.350000000000     1.118628584441     0.885793705024     1.629975337435
     0.360000000000     1.083803084441     0.850968205024     1.595149837435
     0.370000000000     1.047996584441     0.815161705024     1.559343337435
     0.380000000000     1.011209084441     0.778374205024     1.522555837435
     0.390000000000     0.973440584441     0.740605705024     1.484787337435
     0.400000000000     0.934691084441     0.701856205024     1.446037837435
     0.410000000000     0.894960584441     0.662125705024     1.406307337435
     0.420000000000     0.854249084441     0.621414205024     1.365595837435
     0.430000000000     0.812556584441     0.579721705024     1.323903337435
     0.440000000000     0.769883084441     0.537048205024     1.281229837435
     0.450000000000     0.726228584441     0.493393705024     1.237575337435
     0.460000000000     0.681593084441     0.448758205024     1.192939837435
     0.470000000000     0.635976584441     0.403141705024     1.147323337435
     0.480000000000     0.589379084441     0.356544205024     1.100725837435
     0.490000000000     0.541800584441     0.308965705024     1.053147337435
     0.500000000000     0.493241084441     0.260406205024     1.004587837435
     0.510000000000     0.443700584441     0.210865705024     0.955047337435
     0.520000000000     0.393179084441     0.160344205024     0.904525837435
     0.530000000000     0.341676584441     0.108841705024     0.853023337435
     0.531684663757     0.332903591328     0.100068711911     0.844250344322
     0.531697714759     0.332835518728     0.100000639311     0.844182271722
     0.531697836187     0.332834885368     0.100000005951     0.844181638361
     0.531697837318     0.332834879468     0.100000000050     0.844181632461
     0.531697838318     0.332834874252     0.099999994834     0.844181627245
     0.541697838318     0.280184816313     0.050060004783     0.791531569306
     0.551697838318     0.226553758374     0.009615509363     0.737900511367
     0.561697838318     0.171941700435    -0.015315480100     0.683288453428
     0.571697838318     0.116348642496    -0.021494507188     0.627695395489
     0.574587615558     0.100100782833    -0.019696692367     0.611447535826
     0.574605341058     0.100000867889    -0.019680837726     0.611347620882
     0.574605493697     0.100000007481    -0.019680700945     0.611346760475
     0.574605495013     0.100000000059    -0.019680699765     0.611346753052
     0.574605496013     0.099999994422    -0.019680698868     0.611346747415
     0.584605496013     0.045482027627    -0.001987392105     0.554487448257
     0.594605496013     0.001540551274     0.030242998611     0.496647149098
     0.604605496013    -0.023434685579     0.071136530309     0.437825849939
     0.611383983915    -0.027082492625     0.100256911292     0.397396044196
     0.621383983915    -0.012361175424     0.142201298531     0.336928775374
     0.631383983915     0.023061837343     0.183164685769     0.275480506552
     0.641383983915     0.071937757941     0.223147073008     0.213051237730
     0.646721233712     0.100215122155     0.244085154738     0.179329660407
     0.656721233712     0.152701888595     0.282562957772     0.115395807380
     0.659092926271     0.165006214154     0.291544787904     0.100088741253
     0.659106547858     0.165076723490     0.291596214808     0.100000667222
     0.659106650274     0.165077253618     0.291596601462     0.100000005017
     0.659106651274     0.165077258795     0.291596605238     0.099999998551
     0.669106651274     0.216349015772     0.328859398808     0.037877867337
     0.679106651274     0.266639772749     0.365141192379    -0.013462376894
     0.689106651274     0.315949529726     0.400441985950    -0.047061343381
     0.699106651274     0.364278286703     0.434761779520    -0.058834771834
     0.709106651274     0.411626043680     0.468100573091    -0.048038391702
     0.719106651274     0.457992800657     0.500458366662    -0.017228706738
     0.729106651274     0.503378557634     0.531835160232     0.028252434045
     0.739106651274     0.547783314611     0.562230953803     0.081173890195
     0.742701373895     0.563505889344     0.572917694771     0.100482233623
     0.752701373895     0.606577004032     0.601979846052     0.153255055977
     0.762701373895     0.648667118720     0.630060997334     0.205046878331
     0.772701373895     0.689776233407     0.657161148615     0.255857700685
     0.782701373895     0.729904348095     0.683280299897     0.305687523039
     0.792701373895     0.769051462783     0.708418451179     0.354536345393
     0.802701373895     0.807217577471     0.732575602460     0.402404167747
     0.812701373895     0.844402692159     0.755751753742     0.449290990101
     0.822701373895     0.880606806847     0.777946905023     0.495196812456
     0.832701373895     0.915829921535     0.799161056305     0.540121634810
     0.842701373895     0.950072036223     0.819394207586     0.584065457164
     0.852701373895     0.983333150911     0.838646358868     0.627028279518
     0.862701373895     1.015613265599     0.856917510149     0.669010101872
     0.872701373895     1.046912380286     0.874207661431     0.710010924226
     0.882701373895     1.077230494974     0.890516812712     0.750030746580
     0.892701373895     1.106567609662     0.905844963994     0.789069568935
     0.902701373895     1.134923724350     0.920192115276     0.827127391289
     0.912701373895     1.162298839038     0.933558266557     0.864204213643
     0.922701373895     1.188692953726     0.945943417839     0.900300035997
     0.932701373895     1.214106068414     0.957347569120     0.935414858351
     0.942701373895     1.238538183102     0.967770720402     0.969548680705
     0.952701373895     1.261989297790     0.977212871683     1.002701503059
     0.962701373895     1.284459412478     0.985674022965     1.034873325414
     0.972701373895     1.305948527165     0.993154174246     1.066064147768
     0.982701373895     1.326456641853     0.999653325528     1.096273970122
     0.992701373895     1.345983756541     1.005171476810     1.125502792476
     1.002701373895     1.364529871229     1.009708628091     1.153750614830
     1.012701373895     1.382094985917     1.013264779373     1.181017437184
     1.022701373895     1.398679100605     1.015839930654     1.207303259538
     1.032701373895     1.414282215293     1.017434081936     1.232608081893
     1.042701373895     1.428904329981     1.018047233217     1.256931904247
     1.052701373895     1.442545444669     1.017679384499     1.280274726601
     1.062701373895     1.455205559356     1.016330535780     1.302636548955
     1.072701373895     1.466884674044     1.014000687062     1.324017371309
     1.082701373895     1.477582788732     1.010689838344     1.344417193663
     1.092701373895     1.487299903420     1.006397989625     1.363836016017
     1.102701373895     1.496036018108     1.001125140907     1.382273838372
     1.112701373895     1.503791132796     0.994871292188     1.399730660726
     1.122701373895     1.510565247484     0.987636443470     1.416206483080
     1.132701373895     1.516358362172     0.979420594751     1.431701305434
     1.142701373895     1.521170476860     0.970223746033     1.446215127788
     1.152701373895     1.525001591548     0.960045897314     1.459747950142
     1.162701373895     1.527851706235     0.948887048596     1.472299772496
     1.172701373895     1.529720820923     0.936747199878     1.483870594850
     1.182701373895     1.530608935611     0.923626351159     1.494460417205
     1.192701373895     1.530516050299     0.909524502441     1.504069239559
     1.202701373895     1.529442164987     0.894441653722     1.512697061913
     1.212701373895     1.527387279675     0.878377805004     1.520343884267
     1.222701373895     1.524351394363     0.861332956285     1.527009706621
     1.232701373895     1.520334509051     0.843307107567     1.532694528975
     1.242701373895     1.515336623739     0.824300258848     1.537398351329
     1.252701373895     1.509357738427     0.804312410130     1.541121173684
     1.262701373895     1.502397853114     0.783343561412     1.543862996038
     1.272701373895     1.494456967802     0.761393712693     1.545623818392
     1.282701373895     1.485535082490     0.738462863975     1.546403640746
     1.292701373895     1.475632197178     0.714551015256     1.546202463100
     1.302701373895     1.464748311866     0.689658166538     1.545020285454
     1.312701373895     1.452883426554     0.663784317819     1.542857107808
     1.322701373895     1.440037541242     0.636929469101     1.539712930163
     1.332701373895     1.426210655930     0.609093620382     1.535587752517
     1.342701373895     1.411402770618     0.580276771664     1.530481574871
     1.352701373895     1.395613885306     0.550478922946     1.524394397225
     1.362701373895     1.378843999993     0.519700074227     1.517326219579
     1.372701373895     1.361093114681     0.487940225509     1.509277041933
     1.382701373895     1.342361229369     0.455199376790     1.500246864287
     1.392701373895     1.322648344057     0.421477528072     1.490235686642
     1.402701373895     1.301954458745     0.386774679353     1.479243508996
     1.412701373895     1.280279573433     0.351090830635     1.467270331350
     1.422701373895     1.257623688121     0.314425981916     1.454316153704
     1.432701373895     1.233986802809     0.276780133198     1.440380976058
     1.442701373895     1.209368917497     0.238153284479     1.425464798412
     1.452701373895     1.183770032185     0.198545435761     1.409567620766
     1.462701373895     1.157190146872     0.157956587043     1.392689443121
     1.472701373895     1.129629261560     0.116386738324     1.374830265475
     1.476552469425     1.118753659358     0.100116150487     1.367690883574
     1.476579526068     1.118676735956     0.100001323533     1.367640209737
     1.476579834360     1.118675859425     0.100000015117     1.367639632302
     1.476579837882     1.118675849411     0.100000000168     1.367639625704
     1.476579838882     1.118675846568     0.099999995924     1.367639623831
     1.486579838882     1.089753483840     0.059276552495     1.348418968770
     1.496579838882     1.059850121113     0.026122112999     1.328217313709
     1.506579838882     1.028965758386     0.005480436001     1.307034658648
     1.516579838882     0.997100395659     0.000048988328     1.284871003587
     1.526579838882     0.964254032931     0.009956246705     1.261726348526
     1.536579838882     0.930426670204     0.032866416392     1.237600693465
     1.546579838882     0.895618307477     0.064473937821     1.212494038404
     1.556579838882     0.859828944749     0.099289524719     1.186406383343
     1.556799881832     0.859030394453     0.100047779360     1.185821312284
     1.566799881832     0.822238445512     0.133987303525     1.158731071010
     1.576799881832     0.784465496572     0.166945827691     1.130659829735
     1.586799881832     0.745711547631     0.198923351856     1.101607588461
     1.596799881832     0.705976598690     0.229919876022     1.071574347186
     1.606799881832     0.665260649750     0.259935400187     1.040560105912
     1.616799881832     0.623563700809     0.288969924353     1.008564864638
     1.626799881832     0.580885751868     0.317023448518     0.975588623363
     1.636799881832     0.537226802928     0.344095972683     0.941631382089
     1.646799881832     0.492586853987     0.370187496849     0.906693140814
     1.656799881832     0.446965905046     0.395298021014     0.870773899540
     1.666799881832     0.400363956106     0.419427545180     0.833873658265
     1.676799881832     0.352781007165     0.442576069345     0.795992416991
     1.686799881832     0.304217058224     0.464743593511     0.757130175716
     1.696799881832     0.254672109284     0.485930117676     0.717286934442
     1.706799881832     0.204146160343     0.506135641842     0.676462693168
     1.716799881832     0.152639211402     0.525360166007     0.634657451893
     1.726799881832     0.100151262462     0.543603690173     0.591871210619
     1.726828171609     0.100001383683     0.543653909157     0.591748777755
     1.726828430379     0.100000012687     0.543654368480     0.591747657810
     1.726828432753     0.100000000111     0.543654372694     0.591747647537
     1.726828433753     0.099999994813     0.543654374469     0.591747643209
     1.736828433753     0.048729526531     0.560914097691     0.547977600991
     1.746828433753     0.007348579908     0.577192820913     0.503226558774
     1.756828433753    -0.016240804428     0.592490544135     0.457494516556
     1.766828433753    -0.017735910567     0.606807267357     0.410781474338
     1.776828433753     0.002787717187     0.620142990579     0.363087432120
     1.786828433753     0.040963722193     0.632497713801     0.314412389902
     1.796828433753     0.089057330198     0.643871437023     0.264756347684
     1.799085971997     0.100323287048     0.646303368057     0.253410575771
     1.809085971997     0.149609393842     0.656474626778     0.202552069051
     1.819085971997     0.197914500637     0.665664885498     0.150712562332
     1.828686895101     0.243368805211     0.673565325210     0.100018793535
     1.828690390770     0.243385190315     0.673568037058     0.100000171397
     1.828690422652     0.243385339750     0.673568061790     0.100000001558
     1.828690423652     0.243385344437     0.673568062565     0.099999996231
     1.838690423652     0.289767254525     0.680835124578     0.048733386005
     1.848690423652     0.335168164612     0.687121186591     0.006199106631
     1.858690423652     0.379588074699     0.692426248604    -0.021828326044
     1.868690423652     0.423026984787     0.696750310617    -0.031929050723
     1.878690423652     0.465484894874     0.700093372630    -0.023429422089
     1.888690423652     0.506961804962     0.702455434643     0.001621300675
     1.898690423652     0.547457715049     0.703836496656     0.038867505570
     1.908690423652     0.586972625136     0.704236558669     0.082379399262
     1.912769125360     0.602807919311     0.704118073075     0.100412481238
     1.922769125360     0.640941708761     0.703137014451     0.143700766578
     1.932769125360     0.678094498210     0.701174955826     0.186008051919
     1.942769125360     0.714266287660     0.698231897201     0.227334337259
     1.952769125360     0.749457077110     0.694307838577     0.267679622600
     1.962769125360     0.783666866560     0.689402779952     0.307043907940
     1.972769125360     0.816895656009     0.683516721327     0.345427193281
     1.982769125360     0.849143445459     0.676649662702     0.382829478621
     1.992769125360     0.880410234909     0.668801604078     0.419250763962
     2.002769125360     0.910696024359     0.659972545453     0.454691049302
     2.012769125360     0.940000813809     0.650162486828     0.489150334643
     2.022769125360     0.968324603258     0.639371428204     0.522628619983
     2.032769125360     0.995667392708     0.627599369579     0.555125905324
     2.042769125360     1.022029182158     0.614846310954     0.586642190664
     2.052769125360     1.047409971608     0.601112252330     0.617177476005
     2.062769125360     1.071809761057     0.586397193705     0.646731761346
     2.072769125360     1.095228550507     0.570701135080     0.675305046686
     2.082769125360     1.117666339957     0.554024076456     0.702897332027
     2.092769125360     1.139123129407     0.536366017831     0.729508617367
     2.102769125360     1.159598918856     0.517726959206     0.755138902708
     2.112769125360     1.179093708306     0.498106900582     0.779788188048
     2.122769125360     1.197607497756     0.477505841957     0.803456473389
     2.132769125360     1.215140287206     0.455923783332     0.826143758729
     2.142769125360     1.231692076656     0.433360724707     0.847850044070
     2.152769125360     1.247262866105     0.409816666083     0.868575329410
     2.162769125360     1.261852655555     0.385291607458     0.888319614751
     2.172769125360     1.275461445005     0.359785548833     0.907082900091
     2.182769125360     1.288089234455     0.333298490209     0.924865185432
     2.192769125360     1.299736023904     0.305830431584     0.941666470772
     2.202769125360     1.310401813354     0.277381372959     0.957486756113
     2.212769125360     1.320086602804     0.247951314335     0.972326041453
     2.222769125360     1.328790392254     0.217540255710     0.986184326794
     2.232769125360     1.336513181704     0.186148197085     0.999061612134
     2.242769125360     1.343254971153     0.153775138461     1.010957897475
     2.252769125360     1.349015760603     0.120421079836     1.021873182815
     2.258716713819     1.351976803343     0.100118220680     1.027899907582
     2.258750569977     1.351992665530     0.100001655019     1.027933220912
     2.258751043899     1.351992887491     0.100000023241     1.027933687155
     2.258751050555     1.351992890608     0.100000000323     1.027933693703
     2.258751051555     1.351992891076     0.099999996880     1.027933694687
     2.268751051555     1.356185853566     0.066872131112     1.037281153068
     2.278751051555     1.359397816056     0.039725601964     1.045647611449
     2.288751051555     1.361628778547     0.022618850479     1.053033069830
     2.298751051555     1.362878741037     0.017803500955     1.059437528211
     2.308751051555     1.363147703527     0.025451672050     1.064860986591
     2.318751051555     1.362435666017     0.043729826431     1.069303444972
     2.328751051555     1.360742628507     0.069190421663     1.072764903353
     2.338751051555     1.358068590997     0.097403099580     1.075245361734
     2.339738110241     1.357751453706     0.100158934132     1.075437003437
     2.349738110241     1.353999585739     0.127477108614     1.076839631361
     2.359738110241     1.349266717772     0.153814283096     1.077261259285
     2.369738110241     1.343552849805     0.179170457579     1.076701887208
     2.379738110241     1.336857981838     0.203545632061     1.075161515132
     2.389738110241     1.329182113871     0.226939806543     1.072640143056
     2.399738110241     1.320525245904     0.249352981026     1.069137770979
     2.409738110241     1.310887377937     0.270785155508     1.064654398903
     2.419738110241     1.300268509970     0.291236329990     1.059190026827
     2.429738110241     1.288668642003     0.310706504473     1.052744654750
     2.439738110241     1.276087774036     0.329195678955     1.045318282674
     2.449738110241     1.262525906069     0.346703853437     1.036910910598
     2.459738110241     1.247983038102     0.363231027919     1.027522538522
     2.469738110241     1.232459170135     0.378777202402     1.017153166445
     2.479738110241     1.215954302167     0.393342376884     1.005802794369
     2.489738110241     1.198468434200     0.406926551366     0.993471422293
     2.499738110241     1.180001566233     0.419529725849     0.980159050216
     2.509738110241     1.160553698266     0.431151900331     0.965865678140
     2.519738110241     1.140124830299     0.441793074813     0.950591306064
     2.529738110241     1.118714962332     0.451453249296     0.934335933987
     2.539738110241     1.096324094365     0.460132423778     0.917099561911
     2.549738110241     1.072952226398     0.467830598260     0.898882189835
     2.559738110241     1.048599358431     0.474547772743     0.879683817759
     2.569738110241     1.023265490464     0.480283947225     0.859504445682
     2.579738110241     0.996950622497     0.485039121707     0.838344073606
     2.589738110241     0.969654754530     0.488813296190     0.816202701530
     2.599738110241     0.941377886563     0.491606470672     0.793080329453
     2.609738110241     0.912120018596     0.493418645154     0.768976957377
     2.619738110241     0.881881150629     0.494249819637     0.743892585301
     2.629738110241     0.850661282662     0.494099994119     0.717827213224
     2.639738110241     0.818460414695     0.492969168601     0.690780841148
     2.649738110241     0.785278546728     0.490857343084     0.662753469072
     2.659738110241     0.751115678761     0.487764517566     0.633745096995
     2.669738110241     0.715971810794     0.483690692048     0.603755724919
     2.679738110241     0.679846942827     0.478635866530     0.572785352843
     2.689738110241     0.642741074860     0.472600041013     0.540833980767
     2.699738110241     0.604654206893     0.465583215495     0.507901608690
     2.709738110241     0.565586338926     0.457585389977     0.473988236614
     2.719738110241     0.525537470958     0.448606564460     0.439093864538
     2.729738110241     0.484507602991     0.438646738942     0.403218492461
     2.739738110241     0.442496735024     0.427705913424     0.366362120385
     2.749738110241     0.399504867057     0.415784087907     0.328524748309
     2.759738110241     0.355531999090     0.402881262389     0.289706376232
     2.769738110241     0.310578131123     0.388997436871     0.249907004156
     2.779738110241     0.264643263156     0.374132611354     0.209126632080
     2.789738110241     0.217727395189     0.358286785836     0.167365260003
     2.799738110241     0.169830527222     0.341459960318     0.124622887927
     2.805369626467     0.142425545389     0.331552123306     0.100120668819
     2.805396880353     0.142292161721     0.331503417576     0.100001333155
     2.805397181438     0.142290688135     0.331502879463     0.100000014763
     2.805397184773     0.142290671812     0.331502873502     0.100000000159
     2.805397185773     0.142290666918     0.331502871715     0.099999995780
     2.813952330517     0.100060630434     0.315853706265     0.063571741406
     2.813964390928     0.100000590845     0.315831138423     0.063522754564
     2.813964508455     0.100000005760     0.315830918495     0.063522277239
     2.813964509601     0.100000000051     0.315830916350     0.063522272582
     2.813964510601     0.099999995073     0.315830914478     0.063522268521
     2.823964510601     0.051795573332     0.296627479085     0.026984994164
     2.833964510601     0.012832088443     0.276443043692     0.001680939993
     2.843964510601    -0.009448876989     0.255277608299    -0.009220304909
     2.853964510601    -0.010981233479     0.233131172906    -0.004774106775
     2.863964510601     0.008189087148     0.210003737513     0.013700347132
     2.873964510601     0.043981385150     0.185895302120     0.042910685717
     2.883964510601     0.089142652214     0.160805866727     0.078154910584
     2.890047909307     0.117415346890     0.145063049178     0.100270696058
     2.900047909307     0.162378347115     0.118395832372     0.135663294787
     2.906701442337     0.191751130127     0.100109213886     0.158668379554
     2.906740032551     0.191920224325     0.100001885543     0.158800541368
     2.906740698711     0.191923143168     0.100000032670     0.158802822669
     2.906740710254     0.191923193745     0.100000000563     0.158802862199
     2.906740711254     0.191923198127     0.099999997782     0.158802865624
     2.916740711254     0.235248634481     0.073147318631     0.192557900483
     2.926740711254     0.277593070834     0.050964303802     0.225331935341
     2.936740711254     0.318956507188     0.036777977597     0.257124970200
     2.946740711254     0.359338943542     0.032471625640     0.287937005059
     2.956740711254     0.398740379895     0.038253421953     0.317768039917
     2.966740711254     0.437160816249     0.052704775789     0.346618074776
     2.976740711254     0.474600252603     0.073087006882     0.374487109635
     2.986740711254     0.511058688956     0.095844604488     0.401375144494
     2.988685189821     0.518034031300     0.100223676738     0.406489542779
     2.998685189821     0.553320714306     0.122069095067     0.432205824290
     3.008685189821     0.587626397312     0.142933513396     0.456941105802
     3.018685189821     0.620951080318     0.162816931725     0.480695387313
     3.028685189821     0.653294763325     0.181719350054     0.503468668824
     3.038685189821     0.684657446331     0.199640768383     0.525260950335
     3.048685189821     0.715039129337     0.216581186713     0.546072231847
     3.058685189821     0.744439812343     0.232540605042     0.565902513358
     3.068685189821     0.772859495350     0.247519023371     0.584751794869
     3.078685189821     0.800298178356     0.261516441700     0.602620076381
     3.088685189821     0.826755861362     0.274532860029     0.619507357892
     3.098685189821     0.852232544368     0.286568278359     0.635413639403
     3.108685189821     0.876728227374     0.297622696688     0.650338920915
     3.118685189821     0.900242910381     0.307696115017     0.664283202426
     3.128685189821     0.922776593387     0.316788533346     0.677246483937
     3.138685189821     0.944329276393     0.324899951675     0.689228765449
     3.148685189821     0.964900959399     0.332030370005     0.700230046960
     3.158685189821     0.984491642406     0.338179788334     0.710250328471
     3.168685189821     1.003101325412     0.343348206663     0.719289609983
     3.178685189821     1.020730008418     0.347535624992     0.727347891494
     3.188685189821     1.037377691424     0.350742043321     0.734425173005
     3.198685189821     1.053044374431     0.352967461651     0.740521454517
     3.208685189821     1.067730057437     0.354211879980     0.745636736028
     3.218685189821     1.081434740443     0.354475298309     0.749771017539
     3.228685189821     1.094158423449     0.353757716638     0.752924299051
     3.238685189821     1.105901106455     0.352059134967     0.755096580562
     3.248685189821     1.116662789462     0.349379553297     0.756287862073
     3.258685189821     1.126443472468     0.345718971626     0.756498143584
     3.268685189821     1.135243155474     0.341077389955     0.755727425096
     3.278685189821     1.143061838480     0.335454808284     0.753975706607
     3.288685189821     1.149899521487     0.328851226613     0.751242988118
     3.298685189821     1.155756204493     0.321266644942     0.747529269630
     3.308685189821     1.160631887499     0.312701063272     0.742834551141
     3.318685189821     1.164526570505     0.303154481601     0.737158832652
     3.328685189821     1.167440253511     0.292626899930     0.730502114164
     3.338685189821     1.169372936518     0.281118318259     0.722864395675
     3.348685189821     1.170324619524     0.268628736588     0.714245677186
     3.358685189821     1.170295302530     0.255158154918     0.704645958698
     3.368685189821     1.169284985536     0.240706573247     0.694065240209
     3.378685189821     1.167293668543     0.225273991576     0.682503521720
     3.388685189821     1.164321351549     0.208860409905     0.669960803232
     3.398685189821     1.160368034555     0.191465828234     0.656437084743
     3.408685189821     1.155433717561     0.173090246564     0.641932366254
     3.418685189821     1.149518400568     0.153733664893     0.626446647766
     3.428685189821     1.142622083574     0.133396083222     0.609979929277
     3.438685189821     1.134744766580     0.112077501551     0.592532210788
     3.444101211400     1.130068859053     0.100121776070     0.582672953159
     3.444154549686     1.130021378671     0.100002602286     0.582574425896
     3.444155689235     1.130020363969     0.100000055886     0.582572320600
     3.444155713709     1.130020342177     0.100000001198     0.582572275386
     3.444155714709     1.130020341286     0.099999998964     0.582572273538
     3.454155714709     1.120625365801     0.078333290490     0.563606896558
     3.464155714709     1.110249390316     0.060252247578     0.543660519578
     3.474155714709     1.098892414830     0.048479433514     0.522733142598
     3.484155714709     1.086554439345     0.044593729679     0.500824765617
     3.494155714709     1.073235463860     0.048833107176     0.477935388637
     3.504155714709     1.058935488375     0.060121897485     0.454065011657
     3.514155714709     1.043654512889     0.076307241737     0.429213634677
     3.524155714709     1.027392537404     0.094556624921     0.403381257697
     3.527304302110     1.022069247859     0.100244083900     0.395044643594
     3.537304302110     1.004517395949     0.117564143106     0.367922390190
     3.547304302110     0.985984544040     0.133903202312     0.339819136786
     3.557304302110     0.966470692131     0.149261261518     0.310734883382
     3.567304302110     0.945975840221     0.163638320724     0.280669629977
     3.577304302110     0.924499988312     0.177034379930     0.249623376573
     3.587304302110     0.902043136403     0.189449439136     0.217596123169
     3.597304302110     0.878605284493     0.200883498342     0.184587869765
     3.607304302110     0.854186432584     0.211336557547     0.150598616361
     3.617304302110     0.828786580675     0.220808616753     0.115628362956
     3.621651400327     0.817439099336     0.224620297680     0.100120534089
     3.621684534385     0.817351895707     0.224648638842     0.100001619837
     3.621684979629     0.817350723821     0.224649019608     0.100000021835
     3.621684985632     0.817350708022     0.224649024741     0.100000000291
     3.621684986632     0.817350705390     0.224649025596     0.099999996702
     3.631684986632     0.790540108329     0.232710339651     0.065305037869
     3.641684986632     0.762748511268     0.239790653705     0.036213629976
     3.651684986632     0.733975914207     0.245889967759     0.016691501166
     3.661684986632     0.704222317147     0.251008281814     0.009144265095
     3.671684986632     0.673487720086     0.255145595868     0.014137753319
     3.681684986632     0.641772123025     0.258301909922     0.030397048352
     3.691684986632     0.609075525964     0.260477223977     0.055072092649
     3.701684986632     0.575397928903     0.261671538031     0.084219683127
     3.707088676458     0.556791323724     0.261908631984     0.100277691903
     3.717088676458     0.521602624691     0.261591844066     0.129083790246
     3.727088676458     0.485432925658     0.260294056148     0.156908888589
     3.737088676458     0.448282226625     0.258015268231     0.183752986932
     3.747088676458     0.410150527593     0.254755480313     0.209616085274
     3.757088676458     0.371037828560     0.250514692395     0.234498183617
     3.767088676458     0.330944129527     0.245292904478     0.258399281960
     3.777088676458     0.289869430494     0.239090116560     0.281319380303
     3.787088676458     0.247813731461     0.231906328642     0.303258478646
     3.797088676458     0.204777032428     0.223741540725     0.324216576989
     3.807088676458     0.160759333395     0.214595752807     0.344193675332
     3.817088676458     0.115760634362     0.204468964889     0.363189773675
     3.820516414068     0.100110499791     0.200772006444     0.369475376484
     3.820540271891     0.100001167430     0.200745870869     0.369518721775
     3.820540523937     0.100000012358     0.200745594730     0.369519179666
     3.820540526606     0.100000000126     0.200745591806     0.369519184515
     3.820540527606     0.099999995544     0.200745590711     0.369519186332
     3.830540527606     0.055587208959     0.189299176195     0.387195658077
     3.840540527606     0.019613284955     0.176871761680     0.403891129823
     3.850540527606    -0.001049620580     0.163463347165     0.419605601568
     3.860540527606    -0.002628042887     0.149073932650     0.434339073313
     3.870540527606     0.014868706578     0.133703518134     0.448091545059
     3.880540527606     0.047713186498     0.117352103619     0.460863016804
     3.890540527606     0.089248165787     0.100019689104     0.472653488549
     3.890551278799     0.089294610197     0.100000526777     0.472665636800
     3.890551566429     0.089295852746     0.100000014106     0.472665961791
     3.890551574132     0.089295886023     0.100000000376     0.472665970494
     3.890551575132     0.089295890343     0.099999998594     0.472665971624
     3.893101350057     0.100301221932     0.095460557395     0.475515044618
     3.903101350057     0.142841792872     0.078518320085     0.486073299681
     3.913101350057     0.184401363813     0.064901653543     0.495650554744
     3.923101350057     0.224979934753     0.056630397958     0.504246809806
     3.933101350057     0.264577505694     0.054769278252     0.511862064869
     3.943101350057     0.303194076634     0.059303870859     0.518496319932
     3.953101350057     0.340829647574     0.069195552380     0.524149574995
     3.963101350057     0.377484218515     0.082597894508     0.528821830058
     3.973101350057     0.413157789455     0.097191953470     0.532513085121
     3.975198633269     0.420515100739     0.100177346677     0.533162798989
     3.985198633269     0.455001928196     0.113758387288     0.535667310568
     3.995198633269     0.488507755654     0.126358427899     0.537190822148
     4.005198633269     0.521032583111     0.137977468510     0.537733333728
     4.015198633269     0.552576410569     0.148615509121     0.537294845308
     4.025198633269     0.583139238026     0.158272549732     0.535875356888
     4.035198633269     0.612721065483     0.166948590343     0.533474868467
     4.045198633269     0.641321892941     0.174643630954     0.530093380047
     4.055198633269     0.668941720398     0.181357671565     0.525730891627
     4.065198633269     0.695580547856     0.187090712176     0.520387403207
     4.075198633269     0.721238375313     0.191842752787     0.514062914787
     4.085198633269     0.745915202771     0.195613793398     0.506757426366
     4.095198633269     0.769611030228     0.198403834009     0.498470937946
     4.105198633269     0.792325857685     0.200212874620     0.489203449526
     4.115198633269     0.814059685143     0.201040915231     0.478954961106
     4.125198633269     0.834812512600     0.200887955842     0.467725472686
     4.135198633269     0.854584340058     0.199753996453     0.455514984265
     4.145198633269     0.873375167515     0.197639037064     0.442323495845
     4.155198633269     0.891184994973     0.194543077675     0.428151007425
     4.165198633269     0.908013822430     0.190466118286     0.412997519005
     4.175198633269     0.923861649888     0.185408158897     0.396863030585
     4.185198633269     0.938728477345     0.179369199508     0.379747542164
     4.195198633269     0.952614304802     0.172349240119     0.361651053744
     4.205198633269     0.965519132260     0.164348280730     0.342573565324
     4.215198633269     0.977442959717     0.155366321342     0.322515076904
     4.225198633269     0.988385787175     0.145403361953     0.301475588484
     4.235198633269     0.998347614632     0.134459402564     0.279455100063
     4.245198633269     1.007328442090     0.122534443175     0.256453611643
     4.255198633269     1.015328269547     0.109628483786     0.232471123223
     4.262132104821     1.020299042176     0.100104288577     0.215267048121
     4.262203696519     1.020347908109     0.100003486431     0.215086947223
     4.262206088721     1.020349540072     0.100000117308     0.215080928370
     4.262206169211     1.020349594982     0.100000003947     0.215080725853
     4.262206171920     1.020349596830     0.100000000131     0.215080719038
     4.262206172920     1.020349597512     0.099999998723     0.215080716521
     4.272206172920     1.026680985329     0.086168226580     0.189429788461
     4.282206172920     1.032031373147     0.074284420883     0.162797860401
     4.292206172920     1.036400760965     0.066157928434     0.135184932341
     4.302206172920     1.039789148782     0.062907738229     0.106591004281
     4.304434751218     1.040410604789     0.062893385053     0.100084950780
     4.304463264362     1.040418240227     0.062894874529     0.100001394579
     4.304463732400     1.040418365494     0.062894899330     0.100000022953
     4.304463740104     1.040418367556     0.062894899738     0.100000000375
     4.304463741104     1.040418367824     0.062894899791     0.099999997444
     4.314463741104     1.042604288203     0.065920163561     0.071582774111
     4.324463741104     1.043809208581     0.073315885262     0.047583845425
     4.334463741104     1.044033128960     0.083683735028     0.031283727764
     4.344463741104     1.043276049339     0.095217309801     0.024703813692
     4.348894536885     1.042626977566     0.100201046791     0.025088636469
     4.358894536885     1.040454236878     0.110670822757     0.033064465932
     4.368894536885     1.037300496191     0.120159598723     0.049434343357
     4.378894536885     1.033165755504     0.128667374689     0.071458576787
     4.388894536885     1.028050014816     0.136194150656     0.095699310958
     4.390776698867     1.026977453380     0.137501115639     0.100213353100
     4.400776698867     1.020696072603     0.143862251515     0.123530642248
     4.410776698867     1.013433691825     0.149242387391     0.145866931396
     4.420776698867     1.005190311047     0.153641523266     0.167222220544
     4.430776698867     0.995965930269     0.157059659142     0.187596509693
     4.440776698867     0.985760549492     0.159496795018     0.206989798841
     4.450776698867     0.974574168714     0.160952930894     0.225402087989
     4.460776698867     0.962406787936     0.161428066769     0.242833377137
     4.470776698867     0.949258407158     0.160922202645     0.259283666286
     4.480776698867     0.935129026381     0.159435338521     0.274752955434
     4.490776698867     0.920018645603     0.156967474397     0.289241244582
     4.500776698867     0.903927264825     0.153518610272     0.302748533730
     4.510776698867     0.886854884047     0.149088746148     0.315274822879
     4.520776698867     0.868801503270     0.143677882024     0.326820112027
     4.530776698867     0.849767122492     0.137286017900     0.337384401175
     4.540776698867     0.829751741714     0.129913153775     0.346967690323
     4.550776698867     0.808755360936     0.121559289651     0.355569979472
     4.560776698867     0.786777980159     0.112224425527     0.363191268620
     4.570776698867     0.763819599381     0.101908561403     0.369831557768
     4.572466160104     0.759844001628     0.100068867833     0.370856540567
     4.572526240567     0.759702106210     0.100002929240     0.370892475329
     4.572528794731     0.759696073112     0.100000125249     0.370894002217
     4.572528903941     0.759695815151     0.100000005356     0.370894067501
     4.572528908612     0.759695804118     0.100000000228     0.370894070293
     4.572528909612     0.759695801756     0.099999999130     0.370894070891
     4.582528909612     0.735584529104     0.089113395586     0.376381468165
     4.592528909612     0.710492256453     0.079559143961     0.380887865440
     4.602528909612     0.684418983801     0.072803311124     0.384413262714
     4.612528909612     0.657364711149     0.069792011614     0.386957659988
     4.622528909612     0.629329438497     0.070825155741     0.388521057262
     4.632528909612     0.600313165845     0.075539909116     0.389103454536
     4.642528909612     0.570315893193     0.083001162813     0.388704851811
     4.652528909612     0.539337620542     0.091879296840     0.387325249085
     4.662528909612     0.507378347890     0.100682492709     0.384964646359
     4.672528909612     0.474438075238     0.108471803056     0.381623043633
     4.682528909612     0.440516802586     0.115280113404     0.377300440907
     4.692528909612     0.405614529934     0.121107423751     0.371996838182
     4.702528909612     0.369731257283     0.125953734099     0.365712235456
     4.712528909612     0.332866984631     0.129819044446     0.358446632730
     4.722528909612     0.295021711979     0.132703354794     0.350200030004
     4.732528909612     0.256195439327     0.134606665141     0.340972427278
     4.742528909611     0.216388166675     0.135528975488     0.330763824553
     4.752528909611     0.175599894024     0.135470285836     0.319574221827
     4.762528909611     0.133830621372     0.134430596183     0.307403619101
     4.770442454784     0.100080987699     0.132912502002     0.297077026578
     4.770461061273     0.100000910946     0.132908208702     0.297052022557
     4.770461270550     0.100000010260     0.132908160393     0.297051741304
     4.770461272908     0.100000000111     0.132908159849     0.297051738135
     4.770461273908     0.099999995808     0.132908159618     0.297051736791
     4.780461273908     0.058261755496     0.130109305028     0.283121969128
     4.790461273908     0.024396610063     0.126329450438     0.268211201464
     4.800461273908     0.004875052780     0.121568595848     0.252319433801
     4.810461273908     0.003264136565     0.115826741258     0.235446666138
     4.820461273908     0.019580381256     0.109103886668     0.217592898475
     4.830461273908     0.050345527208     0.101400032078     0.198758130811
     4.832073312503     0.056267258318     0.100066324024     0.195630076610
     4.832148314264     0.056547536373     0.100003651244     0.195483920021
     4.832152439799     0.056562964900     0.100000202273     0.195475878954
     4.832152668338     0.056563819616     0.100000011209     0.195475433505
     4.832152681003     0.056563866982     0.100000000620     0.195475408819
     4.832152682003     0.056563870722     0.099999999784     0.195475406870
     4.842152682003     0.096184527408     0.091596094822     0.175493712072
     4.843137315398     0.100169869951     0.090791097895     0.173473195995
     4.853137315398     0.140084673264     0.083349275836     0.152413908661
     4.863137315398     0.179018476576     0.077995472253     0.130373621328
     4.873137315398     0.216971279889     0.075485779560     0.107352333995
     4.876200495958     0.228400635831     0.075340408310     0.100104225021
     4.876243381998     0.228559999078     0.075340464712     0.100002094537
     4.876244243701     0.228563200952     0.075340466435     0.100000042260
     4.876244261088     0.228563265558     0.075340466470     0.100000000850
     4.876244262088     0.228563269274     0.075340466472     0.099999998469
     4.886244262088     0.265230281116     0.076876544877     0.076816268756
     4.896244262088     0.300916292959     0.081099974965     0.057062733504
     4.906244262088     0.335621304801     0.087202878229     0.043448675830
     4.916244262088     0.369345316643     0.094115599028     0.037675178761
     4.926244262088     0.402088328485     0.100690883931     0.040233182843
     4.936244262088     0.433850340327     0.106244778691     0.050385654583
     4.946244262088     0.464631352169     0.110817673452     0.066328345507
     4.956244262088     0.494431364012     0.114409568212     0.085498005308
     4.963689228090     0.515980323953     0.116446674088     0.100134818868
     4.973689228090     0.544068984630     0.118327217683     0.118875294905
     4.983689228090     0.571176645307     0.119226761279     0.136634770943
     4.993689228090     0.597303305985     0.119145304875     0.153413246981
     5.003689228090     0.622448966662     0.118082848471     0.169210723019
     5.013689228090     0.646613627339     0.116039392066     0.184027199057
     5.023689228090     0.669797288017     0.113014935662     0.197862675094
     5.033689228090     0.691999948694     0.109009479258     0.210717151132
     5.043689228090     0.713221609371     0.104023022854     0.222590627170
     5.050430832187     0.726974808694     0.100107747228     0.230041650506
     5.050593376089     0.727300901615     0.100007843185     0.230215794386
     5.050605179666     0.727324571664     0.100000578281     0.230228430233
     5.050606049798     0.727326316511     0.100000042676     0.230229361664
     5.050606114012     0.727326445276     0.100000003149     0.230229430401
     5.050606118751     0.727326454779     0.100000000232     0.230229435474
     5.050606119751     0.727326456784     0.099999999616     0.230229436544
     5.060606119751     0.746888570390     0.093686947890     0.240443365510
     5.070606119751     0.765469683995     0.087750260408     0.249676294476
     5.080606119751     0.783069797600     0.083122924695     0.257928223442
     5.090606119751     0.799688911206     0.080482598556     0.265199152408
     5.100606119751     0.815327024811     0.080155470568     0.271489081373
     5.110606119751     0.829984138417     0.082081132350     0.276798010339
     5.120606119751     0.843660252022     0.085841115836     0.281125939305
     5.130606119751     0.856355365627     0.090743417129     0.284472868271
     5.140606119751     0.868069479233     0.095946731265     0.286838797237
     5.150606119751     0.878802592838     0.100602552494     0.288223726202
     5.160606119751     0.888554706443     0.104238523358     0.288627655168
     5.170606119751     0.897325820049     0.106893494222     0.288050584134
     5.180606119751     0.905115933654     0.108567465087     0.286492513100
     5.190606119751     0.911925047260     0.109260435951     0.283953442066
     5.200606119751     0.917753160865     0.108972406815     0.280433371031
     5.210606119751     0.922600274470     0.107703377679     0.275932299997
     5.220606119751     0.926466388076     0.105453348543     0.270450228963
     5.230606119751     0.929351501681     0.102222319407     0.263987157929
     5.235882245191     0.930478386922     0.100122251017     0.260181823690
     5.236140724928     0.930526576521     0.100012350719     0.259988381658
     5.236166699244     0.930531382795     0.100001270730     0.259968906662
     5.236169370237     0.930531876659     0.100000130977     0.259966903632
     5.236169645528     0.930531927556     0.100000013502     0.259966697182
     5.236169673908     0.930531932803     0.100000001392     0.259966675899
     5.236169676833     0.930531933344     0.100000000143     0.259966673705
     5.236169677833     0.930531933528     0.099999999716     0.259966672955
     5.246169677833     0.931890262086     0.095477570993     0.251976816873
     5.256169677833     0.932267590643     0.090957221163     0.243005960791
     5.266169677833     0.931663919201     0.087163228152     0.233054104709
     5.276169677833     0.930079247758     0.084668144404     0.222121248627
     5.286169677833     0.927513576316     0.083808446877     0.210207392545
     5.296169677833     0.923966904874     0.084642132088     0.197312536463
     5.306169677833     0.919439233431     0.086953005615     0.183436680381
     5.316169677833     0.913930561989     0.090298701059     0.168579824299
     5.326169677833     0.907440890546     0.094092600518     0.152741968216
     5.336169677833     0.899970219104     0.097704875346     0.135923112134
     5.346169677833     0.891518547661     0.100565522931     0.118123256052
     5.356169677833     0.882085876219     0.102403941677     0.099342399970
     5.366169677833     0.871672204776     0.103261360422     0.080540040256
     5.376169677833     0.860277533334     0.103137779168     0.064435876307
     5.386169677833     0.847901861891     0.102033197913     0.053242989424
     5.396169677833     0.834545190449     0.099947616659     0.048365935867
     5.406169677833     0.820207519006     0.097033264470     0.050232953294
     5.416169677833     0.804888847564     0.093793256957     0.058276918451
     5.426169677833     0.788589176121     0.090762684889     0.071061267284
     5.436169677833     0.771308504679     0.088416977356     0.086526265343
     5.444703619150     0.755785469161     0.087219089455     0.100072719451
     5.454703619150     0.736686618075     0.086912721348     0.115017352378
     5.464703619150     0.716606766990     0.087775291040     0.128980985304
     5.474703619150     0.695545915904     0.089611556104     0.141963618231
     5.484703619150     0.673504064818     0.092079764160     0.153965251157
     5.494703619150     0.650481213733     0.094753564455     0.164985884084
     5.504703619150     0.626477362647     0.097194456364     0.175025517010
     5.514703619150     0.601492511562     0.099022651097     0.184084149937
     5.524703619150     0.575526660476     0.099975068511     0.192161782864
     5.534703619150     0.548579809391     0.099941802657     0.199258415790
     5.544703619150     0.520651958305     0.098976262706     0.205374048717
     5.554703619150     0.491743107219     0.097278648244     0.210508681643
     5.564703619150     0.461853256134     0.095156707634     0.214662314570
     5.574703619150     0.430982405048     0.092971175922     0.217834947496
     5.584703619150     0.399130553963     0.091075383074     0.220026580423
     5.594703619150     0.366297702877     0.089758994567     0.221237213349
     5.604703619150     0.332483851791     0.089204698269     0.221466846276
     5.614703619150     0.297689000706     0.089464147001     0.220715479202
     5.624703619150     0.261913149620     0.090456072698     0.218983112129
     5.634703619150     0.225156298535     0.091985792942     0.216269745055
     5.644703619150     0.187418447449     0.093781940504     0.212575377982
     5.654703619150     0.148699596364     0.095543689968     0.207900010909
     5.664703619150     0.108999745278     0.096990401434     0.202243643835
     5.666915899631     0.100084506376     0.097244606183     0.200859778453
     5.666936562411     0.100001011411     0.097246850226     0.200846626790
     5.666936809701     0.100000012125     0.097246877067     0.200846469366
     5.666936812667     0.100000000141     0.097246877389     0.200846467478
     5.666936813667     0.099999996100     0.097246877498     0.200846466842
     5.676936813667     0.060781595952     0.098023062850     0.193990023386
     5.686936813667     0.028903249167     0.098134966951     0.186152579931
     5.696936813667     0.010457020119     0.097597058775     0.177334136475
     5.706936813667     0.008815489549     0.096527233000     0.167534693019
     5.716936813667     0.024019514413     0.095122872795     0.156754249564
     5.726936813667     0.052825603108     0.093625342272     0.144992806108
     5.736936813667     0.089392715187     0.092279163008     0.132250362653
     5.739798135629     0.100281959378     0.091952438347     0.128423833443
     5.749798135629     0.137712871860     0.091098332054     0.114419694303
     5.759798135629     0.174162784342     0.090769142537     0.099434555163
     5.769798135629     0.209631696824     0.090992018222     0.084244294833
     5.779798135629     0.244119609306     0.091704315697     0.071056910842
     5.789798135629     0.277626521789     0.092768017978     0.061693744926
     5.799798135629     0.310152434271     0.093995527994     0.057342255017
     5.809798135629     0.341697346753     0.095182149094     0.058411971236
     5.819798135629     0.372261259235     0.096139721441     0.064509431781
     5.829798135629     0.401844171717     0.096725967733     0.074530491948
     5.839798135629     0.430446084199     0.096865054932     0.086851475043
     5.849798135629     0.458066996681     0.096556505462     0.099587137546
     5.850163888450     0.459058643006     0.096537447618     0.100036329168
     5.860163888450     0.485662675136     0.095840918895     0.111799389669
     5.870163888450     0.511285707266     0.094901628359     0.122581450169
     5.880163888450     0.535927739397     0.093881937037     0.132382510670
     5.890163888450     0.559588771527     0.092949170629     0.141202571171
     5.900163888450     0.582268803657     0.092248563652     0.149041631671
     5.910163888450     0.603967835788     0.091881063362     0.155899692172
     5.920163888450     0.624685867918     0.091889313291     0.161776752673
     5.930163888450     0.644422900048     0.092253663547     0.166672813173
     5.940163888450     0.663178932179     0.092898358148     0.170587873674
     5.950163888450     0.680953964309     0.093706411474     0.173521934175
     5.960163888450     0.697747996439     0.094540366087     0.175474994676
     5.970163888450     0.713561028570     0.095265318621     0.176447055176
     5.980163888450     0.728393060700     0.095770413275     0.176438115677
     5.990163888450     0.742244092830     0.095985433323     0.175448176178
     6.000163888450     0.755114124961     0.095890071002     0.173477236678
     6.010163888450     0.767003157091     0.095514747407     0.170525297179
     6.020163888450     0.777911189222     0.094933263170     0.166592357680
     6.030163888450     0.787838221352     0.094248856108     0.161678418180
     6.040163888450     0.796784253482     0.093576221668     0.155783478681
     6.050163888450     0.804749285613     0.093022574288     0.148907539182
     6.060163888450     0.811733317743     0.092670831340     0.141050599683
     6.070163888450     0.817736349873     0.092567510878     0.132212660183
     6.080163888450     0.822758382004     0.092717052624     0.122393720684
     6.090163888450     0.826799414134     0.093083158955     0.111593781185
     6.100163888450     0.829859446264     0.093596598571     0.099812841685
     6.110163888450     0.831938478395     0.094167907110     0.087649857066
     6.120163888450     0.833036510525     0.094702710574     0.076863415192
     6.130163888450     0.833153542655     0.095117088101     0.068954773708
     6.140163888450     0.832289574786     0.095350510290     0.064942430024
     6.150163888450     0.830444606916     0.095374397984     0.065235891644
     6.160163888450     0.827618639047     0.095195143616     0.069603180882
     6.170163888450     0.823811671177     0.094851381029     0.077232654177
     6.180163888450     0.819023703307     0.094406221833     0.086876034299
     6.190163888450     0.813254735438     0.093935947916     0.097048371019
     6.193370403152     0.811197195945     0.093792574497     0.100173832889
     6.203370403152     0.804132668983     0.093404839684     0.109224062812
     6.213370403152     0.796087142021     0.093149659177     0.117293292734
     6.223370403152     0.787060615059     0.093061459712     0.124381522657
     6.233370403152     0.777053088097     0.093146230338     0.130488752580
     6.243370403152     0.766064561135     0.093381949780     0.135614982503
     6.253370403152     0.754095034173     0.093723481564     0.139760212425
     6.263370403152     0.741144507211     0.094110934556     0.142924442348
     6.273370403152     0.727212980249     0.094479980105     0.145107672271
     6.283370403152     0.712300453287     0.094772377066     0.146309902194
     6.293370403152     0.696406926326     0.094945007927     0.146531132116
     6.303370403152     0.679532399364     0.094976050643     0.145771362039
     6.313370403152     0.661676872402     0.094867436866     0.144030591962
     6.323370403152     0.642840345440     0.094643383775     0.141308821885
     6.333370403152     0.623022818478     0.094345426291     0.137606051807
     6.343370403152     0.602224291516     0.094024916469     0.132922281730
     6.353370403152     0.580444764554     0.093734315559     0.127257511653
     6.363370403152     0.557684237592     0.093518733067     0.120611741576
     6.373370403152     0.533942710630     0.093409056614     0.112984971498
     6.383370403152     0.509220183668     0.093417695944     0.104377201421
     6.387935327941     0.497608413459     0.093459723358     0.100121696529
     6.388056580817     0.497297196206     0.093461142513     0.100005875338
     6.388062427808     0.497282185211     0.093461211330     0.100000286626
     6.388062713036     0.497281452936     0.093461214688     0.100000013989
     6.388062726957     0.497281417195     0.093461214852     0.100000000682
     6.388062727957     0.497281414627     0.093461214863     0.099999999726
     6.398062727957     0.471117570602     0.093625608369     0.090409785037
     6.408062727957     0.443972726577     0.093860247334     0.081683266285
     6.418062727957     0.415846882552     0.094124104874     0.075046001046
     6.428062727957     0.386740038526     0.094373473024     0.071367097937
     6.438062727957     0.356652194501     0.094569097656     0.071049059289
     6.448062727957     0.325583350476     0.094682251643     0.073990034307
     6.458062727957     0.293533506451     0.094698824874     0.079620761744
     6.468062727957     0.260502662425     0.094620872403     0.087007566056
     6.478062727957     0.226490818400     0.094465496648     0.095003586806
     6.484795862742     0.203037556442     0.094331307901     0.100132923553
     6.494795862742     0.167384191895     0.094113973488     0.106894492047
     6.504795862742     0.130749827347     0.093907244177     0.112675060541
     6.512970667831     0.100073185601     0.093769099314     0.116671799841
     6.512989717993     0.100000932627     0.093768822941     0.116680348003
     6.512989960744     0.100000011903     0.093768819420     0.116680456907
     6.512989963844     0.100000000148     0.093768819375     0.116680458297
     6.512989964844     0.099999996355     0.093768819361     0.116680458746
     6.522989964844     0.063159757748     0.093659191382     0.120676185824
     6.532989964844     0.033156501382     0.093627793097     0.123690912903
     6.542989964844     0.015725139988     0.093675840248     0.125724639981
     6.552989964844     0.014054716372     0.093791758266     0.126777367059
     6.562989964844     0.028209056247     0.093953660944     0.126849094137
     6.572989964844     0.055166236158     0.094133360640     0.125939821216
     6.582989964844     0.089458894673     0.094301192665     0.124049548294
     6.586017130670     0.100271828037     0.094345521001     0.123283900741
     6.596017130670     0.135363303599     0.094459453311     0.120115662851
     6.606017130670     0.169473779160     0.094512470002     0.115966424962
     6.616017130670     0.202603254722     0.094499046489     0.110836187073
     6.626017130670     0.234751730284     0.094424574605     0.104724949183
     6.632679272096     0.255625017177     0.094348104428     0.100109073887
     6.632820089019     0.256061514609     0.094346308666     0.100006809806
     6.632828864986     0.256088711486     0.094346196537     0.100000430083
     6.632829419184     0.256090428929     0.094346189456     0.100000027181
     6.632829454210     0.256090537473     0.094346189008     0.100000001717
     6.632829456424     0.256090544334     0.094346188980     0.100000000108
     6.632829457424     0.256090547433     0.094346188967     0.099999999381
     6.642829457424     0.286589733740     0.094206246591     0.092591689129
     6.652829457424     0.316107920047     0.094058347762     0.085635124451
     6.662829457424     0.344645106354     0.093926581138     0.080117709103
     6.672829457424     0.372201292661     0.093831275246     0.076775010894
     6.682829457424     0.398776478968     0.093785924282     0.075995336847
     6.692829457424     0.424370665276     0.093795359032     0.077778789751
     6.702829457424     0.448983851583     0.093855395328     0.081754336980
     6.712829457424     0.472616037890     0.093953944264     0.087249867139
     6.722829457424     0.495267224197     0.094073335003     0.093402758777
     6.732829457424     0.516937410504     0.094193418762     0.099293168419
     6.734306154862     0.520054313340     0.094210007222     0.100087829574
     6.744306154862     0.540598635629     0.094307331898     0.104890391950
     6.754306154862     0.560161957917     0.094368928250     0.108711954325
     6.764306154862     0.578744280205     0.094386668262     0.111552516700
     6.774306154862     0.596345602494     0.094359848293     0.113412079076
     6.784306154862     0.612965924782     0.094294939691     0.114290641451
     6.794306154862     0.628605247071     0.094204201799     0.114188203826
     6.804306154862     0.643263569359     0.094103435098     0.113104766202
     6.814306154862     0.656940891647     0.094009276473     0.111040328577
     6.824306154862     0.669637213936     0.093936492383     0.107994890952
     6.834306154862     0.681352536224     0.093895703792     0.103968453328
     6.842231272709     0.689940269415     0.093889606261     0.100080656277
     6.842370698444     0.690085837265     0.093889709871     0.100006743481
     6.842382328005     0.690097970525     0.093889718839     0.100000569766
     6.842383310410     0.690098995419     0.093889719598     0.100000048182
     6.842383393486     0.690099082087     0.093889719663     0.100000004074
     6.842383400511     0.690099089417     0.093889719668     0.100000000344
     6.842383401511     0.690099090460     0.093889719669     0.099999999813
     6.852383401511     0.700041034852     0.093915179004     0.094461024546
     6.862383401511     0.709001979245     0.093971257286     0.089020858473
     6.872383401511     0.716981923637     0.094047474562     0.084462868354
     6.882383401511     0.723980868029     0.094130634814     0.081408211653
     6.892383401511     0.729998812421     0.094207073079     0.080233033680
     6.902383401511     0.735035756813     0.094264868117     0.081024785450
     6.912383401511     0.739091701205     0.094295667712     0.083582265684
     6.922383401511     0.742166645597     0.094295853026     0.087457456700
     6.932383401511     0.744260589990     0.094266887623     0.092031257292
     6.942383401511     0.745373534382     0.094214835044     0.096610655071
     6.952383401511     0.745505478774     0.094149162751     0.100532324595
     6.962383401511     0.744656423166     0.094081058957     0.103441219802
     6.972383401511     0.742826367558     0.094021555794     0.105369115009
     6.982383401511     0.740015311950     0.093979769045     0.106316010217
     6.992383401511     0.736223256342     0.093961530826     0.106281905424
     7.002383401511     0.731450200734     0.093968615165     0.105266800632
     7.012383401511     0.725696145127     0.093998651656     0.103270695839
     7.022383401511     0.718961089519     0.094045707467     0.100293591046
     7.023125148035     0.718422437772     0.094049656230     0.100033683995
     7.023208713107     0.718361415048     0.094050103943     0.100004064614
     7.023218776356     0.718354061820     0.094050157896     0.100000493105
     7.023219996898     0.718353169901     0.094050164440     0.100000059860
     7.023220145060     0.718353061629     0.094050165235     0.100000007267
     7.023220163048     0.718353048484     0.094050165331     0.100000000882
     7.023220165231     0.718353046889     0.094050165343     0.100000000107
     7.023220166231     0.718353046158     0.094050165348     0.099999999752
     7.033220166231     0.710554903931     0.094106171902     0.096138643434
     7.043220166231     0.701775761704     0.094160701082     0.092059356591
     7.053220166231     0.692015619477     0.094205086730     0.088362394686
     7.063220166231     0.681274477250     0.094232710881     0.085566238565
     7.073220166231     0.669552335023     0.094239964375     0.084036119083
     7.083220166231     0.656849192797     0.094226678464     0.083937877164
     7.093220166231     0.643165050570     0.094195984040     0.085222725222
     7.103220166231     0.628499908343     0.094153648968     0.087643756574
     7.113220166231     0.612853766116     0.094107025173     0.090800415205
     7.123220166231     0.596226623889     0.094063793238     0.094203256374
     7.133220166231     0.578618481662     0.094030715572     0.097348728057
     7.143220166231     0.560029339435     0.094012597532     0.099792704149
     7.144680538248     0.557232541049     0.094011369806     0.100069693460
     7.154680538248     0.537519136328     0.094012897959     0.101398345679
     7.164680538248     0.516824731606     0.094030553026     0.101745997899
     7.174680538248     0.495149326884     0.094060719190     0.101112650119
     7.184680538248     0.472492922162     0.094097952119     0.099498302338
     7.194680538248     0.448855517441     0.094135940598     0.097051053357
     7.204680538248     0.424237112719     0.094168560177     0.094191529793
     7.214680538248     0.398637707997     0.094190845493     0.091351922591
     7.224680538248     0.372057303276     0.094199729429     0.088942519459
     7.234680538248     0.344495898554     0.094194442023     0.087293260683
     7.244680538248     0.315953493832     0.094176521805     0.086609500895
     7.254680538248     0.286430089111     0.094149456650     0.086947757162
     7.264680538248     0.255925684389     0.094118029768     0.088214075421
     7.274680538248     0.224440279667     0.094087490021     0.090184256448
     7.284680538248     0.191973874945     0.094062688087     0.092542050745
     7.294680538248     0.158526470224     0.094047318566     0.094929001098
     7.304680538248     0.124098065502     0.094043384321     0.096998203236
     7.311486093352     0.100106634553     0.094047362443     0.098075156113
     7.311515650818     0.100001445505     0.094047390874     0.098079116159
     7.311516051459     0.100000019647     0.094047391260     0.098079169790
     7.311516056905     0.100000000264     0.094047391265     0.098079170519
     7.311516057905     0.099999996705     0.094047391266     0.098079170653
     7.321516057905     0.065402284264     0.094061910830     0.099018450956
     7.331516057905     0.037167174931     0.094084069389     0.099111554100
     7.341516057905     0.020692799486     0.094109943462     0.098382236827
     7.351516057905     0.018995130654     0.094135205539     0.096972293719
     7.361516057905     0.032159652922     0.094155837258     0.095115831401
     7.371516057905     0.057373374140     0.094168758272     0.093101308422
     7.381516057905     0.089521299595     0.094172274111     0.091227375713
     7.384720511909     0.100261418929     0.094171349234     0.090701581472
     7.394720511909     0.133146835508     0.094162541677     0.089408842426
     7.404720511909     0.165051252086     0.094146384993     0.088759584933
     7.414720511909     0.195974668665     0.094125826731     0.088819501279
     7.424720511909     0.225917085244     0.094104376017     0.089548707195
     7.434720511909     0.254878501822     0.094085513827     0.090812163052
     7.444720511909     0.282858918401     0.094072136539     0.092403414581
     7.454720511909     0.309858334979     0.094066120308     0.094077629394
     7.464720511909     0.335876751558     0.094068070178     0.095588736683
     7.474720511909     0.360914168137     0.094077285126     0.096725111815
     7.484720511909     0.384970584715     0.094091934103     0.097338702895
     7.494720511909     0.408046001294     0.094109404578     0.097363670459
     7.504720511909     0.430140417872     0.094126759311     0.096822302855
     7.514720511909     0.451253834451     0.094141222877     0.095817910736
     7.524720511909     0.471386251030     0.094150618532     0.094516302525
     7.534720511909     0.490537667608     0.094153687833     0.093119025657
     7.544720511909     0.508708084187     0.094150247508     0.091832610522
     7.554720511909     0.525897500765     0.094141166381     0.090838446374
     7.564720511909     0.542105917344     0.094128174830     0.090267623259
     7.574720511909     0.557333333923     0.094113545468     0.090184164190
     7.584720511909     0.571579750501     0.094099702516     0.090578706289
     7.594720511909     0.584845167080     0.094088825928     0.091373085986
     7.604720511909     0.597129583658     0.094082513971     0.092434684512
     7.614720511909     0.608433000237     0.094081555480     0.093598026998
     7.624720511909     0.618755416816     0.094085842927     0.094690188494
     7.634720511909     0.628096833394     0.094094433376     0.095556160692
     7.644720511909     0.636457249973     0.094105740333     0.096080508071
     7.654720511909     0.643836666551     0.094117819374     0.096202341037
     7.664720511909     0.650235083130     0.094128697190     0.095921732100
     7.674720511909     0.655652499709     0.094136689219     0.095297022611
     7.684720511909     0.660088916287     0.094140655510     0.094433810927
     7.694720511909     0.663544332866     0.094140156833     0.093467582535
     7.704720511909     0.666018749444     0.094135490886     0.092542777034
     7.714720511909     0.667512166023     0.094127608646     0.091791479795
     7.724720511909     0.668024582601     0.094117930110     0.091314840182
     7.734720511909     0.667555999180     0.094108093867     0.091169786913
     7.744720511909     0.666106415759     0.094099683853     0.091362731021
     7.754720511909     0.663675832337     0.094093978192     0.091850860693
     7.764720511909     0.660264248916     0.094091759300     0.092550506405
     7.774720511909     0.655871665494     0.094093212676     0.093351053972
     7.784720511909     0.650498082073     0.094097926300     0.094132146806
     7.794720511909     0.644143498652     0.094104985795     0.094781541823
     7.804720511909     0.636807915230     0.094113145464     0.095211004757
     7.814720511909     0.628491331809     0.094121044070     0.095368029584
     7.824720511909     0.619193748387     0.094127428606     0.095241868897
     7.834720511909     0.608915164966     0.094131349811     0.094863252423
     7.844720511909     0.597655581545     0.094132299472     0.094298112188
     7.854720511909     0.585414998123     0.094130270348     0.093636486668
     7.864720511909     0.572193414702     0.094125732899     0.092978422715
     7.874720511909     0.557990831280     0.094119536592     0.092419048714
     7.884720511909     0.542807247859     0.094112755290     0.092035016815
     7.894720511909     0.526642664438     0.094106504221     0.091874217075
     7.904720511909     0.509497081016     0.094101759245     0.091950108897
     7.914720511909     0.491370497595     0.094099207276     0.092241287354
     7.924720511909     0.472262914173     0.094099150296     0.092696116809
     7.934720511909     0.452174330752     0.094101475738     0.093241537922
     7.944720511909     0.431104747331     0.094105694747     0.093794589155
     7.954720511909     0.409054163909     0.094111038871     0.094274855043
     7.964720511909     0.386022580488     0.094116596843     0.094615998004
     7.974720511909     0.362009997066     0.094121467575     0.094774744236
     7.984720511909     0.337016413645     0.094124904062     0.094736134631
     7.994720511909     0.311041830224     0.094126425568     0.094514444748
     8.004720511909     0.284086246802     0.094125881681     0.094149831241
     8.014720511909     0.256149663381     0.094123460302     0.093701378378
     8.024720511909     0.227232079959     0.094119641030     0.093237709924
     8.034720511909     0.197333496538     0.094115104083     0.092826632872
     8.044720511909     0.166453913116     0.094110611506     0.092525355204
     8.054720511909     0.134593329695     0.094106881063     0.092372668823
     8.064720511909     0.101751746274     0.094104473377     0.092384143071
     8.065238433989     0.100024088341     0.094104391873     0.092389148350
     8.065245545277     0.100000348557     0.094104390786     0.092389219996
     8.065245648176     0.100000005044     0.094104390770     0.092389221033
     8.065245649666     0.100000000070     0.094104390770     0.092389221048
     8.065245650666     0.099999996731     0.094104390769     0.092389221058
     8.075245650666     0.067516957158     0.094103717160     0.092563442857
     8.085245650666     0.040949187430     0.094104724216     0.092859815691
     8.095245650666     0.025377237332     0.094107168583     0.093230050418
     8.105245650666     0.023653876750     0.094110588445     0.093617288037
     8.115245650666     0.035885014079     0.094114388195     0.093964709790
     8.125245650666     0.059454676639     0.094117940398     0.094223762523
     8.135245650666     0.089580146905     0.094120687893     0.094360825257
     8.138639729639     0.100250702149     0.094121360713     0.094376452534
     8.148639729639     0.131055785175     0.094122438727     0.094331068590
     8.158639729639     0.160879868200     0.094122111866     0.094161554487
     8.168639729639     0.189722951226     0.094120501034     0.093897917808
     8.178639729639     0.217585034252     0.094117926991     0.093582474180
     8.188639729639     0.244466117278     0.094114849208     0.093263178491
     8.198639729639     0.270366200303     0.094111785464     0.092986433042
     8.208639729639     0.295285283329     0.094109226036     0.092790436999
     8.218639729639     0.319223366355     0.094107556468     0.092700016293
     8.228639729639     0.342180449381     0.094107000903     0.092723617438
     8.238639729639     0.364156532406     0.094107594032     0.092852805322
     8.248639729639     0.385151615432     0.094109184776     0.093064227481
     8.258639729639     0.405165698458     0.094111469562     0.093323651919
     8.268639729639     0.424198781484     0.094114048402     0.093591402541
     8.278639729639     0.442250864509     0.094116493699     0.093828343681
     8.288639729639     0.459321947535     0.094118420110     0.094001523008
     8.298639729639     0.475412030561     0.094119544242     0.094088670791
     8.308639729639     0.490521113587     0.094119725086     0.094080954356
     8.318639729639     0.504649196612     0.094118979672     0.093983665704
     8.328639729639     0.517796279638     0.094117472632     0.093814833660
     8.338639729639     0.529962362664     0.094115482616     0.093602052863
     8.348639729639     0.541147445690     0.094113352080     0.093378067204
     8.358639729639     0.551351528715     0.094111429292     0.093175802035
     8.368639729639     0.560574611741     0.094110012244     0.093023588718
     8.378639729639     0.568816694767     0.094109303347     0.092941264522
     8.388639729639     0.576077777793     0.094109381659     0.092937674063
     8.398639729639     0.582357860819     0.094110196233     0.093009872389
     8.408639729639     0.587656943844     0.094111580623     0.093144070225
     8.418639729639     0.591975026870     0.094113285189     0.093318107829
     8.428639729639     0.595312109896     0.094115021159     0.093505031999
     8.438639729639     0.597668192922     0.094116508815     0.093677209737
     8.448639729639     0.599043275947     0.094117521874     0.093810359318
     8.458639729639     0.599437358973     0.094117921144     0.093886918707
     8.468639729639     0.598850441999     0.094117672582     0.093898292767
     8.478639729639     0.597282525025     0.094116847618     0.093845703186
     8.488639729639     0.594733608050     0.094115606566     0.093739579582
     8.498639729639     0.591203691076     0.094114168599     0.093597644115
     8.508639729639     0.586692774102     0.094112773754     0.093442024465
     8.518639729639     0.581200857128     0.094111643448     0.093295855958
     8.528639729639     0.574727940153     0.094110945909     0.093179887312
     8.538639729639     0.567274023179     0.094110771807     0.093109581334
     8.548639729639     0.558839106205     0.094111123511     0.093093108582
     8.558639729639     0.549423189231     0.094111919012     0.093130485209
     8.568639729639     0.539026272256     0.094113009187     0.093213929472
     8.578639729639     0.527648355282     0.094114204963     0.093329331667
     8.588639729639     0.515289438308     0.094115309568     0.093458575628
     8.598639729639     0.501949521334     0.094116150438     0.093582338193
     8.608639729639     0.487628604359     0.094116605688     0.093682940241
     8.618639729639     0.472326687385     0.094116621175     0.093746834208
     8.628639729639     0.456043770411     0.094116215868     0.093766383906
     8.638639729639     0.438779853437     0.094115475240     0.093740710074
     8.648639729639     0.420534936462     0.094114534333     0.093675520334
     8.658639729639     0.401309019488     0.094113553694     0.093581992887
     8.668639729639     0.381102102514     0.094112692407     0.093474917202
     8.678639729639     0.359914185540     0.094112082671     0.093370393644
     8.688639729639     0.337745268565     0.094111809925     0.093283444509
     8.698639729639     0.314595351591     0.094111901439     0.093225886298
     8.708639729639     0.290464434617     0.094112324780     0.093204759812
     8.718639729639     0.265352517643     0.094112995924     0.093221520834
     8.728639729639     0.239259600668     0.094113795233     0.093272075116
     8.738639729639     0.212185683694     0.094114588368     0.093347615455
     8.748639729639     0.184130766720     0.094115248532     0.093436104337
     8.758639729639     0.155094849746     0.094115676419     0.093524159090
     8.768639729639     0.125077932771     0.094115814792     0.093599048828
     8.776729928989     0.100075785523     0.094115707727     0.093642856189
     8.776753767238     0.100001166476     0.094115707136     0.093642958457
     8.776754134126     0.100000017992     0.094115707127     0.093642960030
     8.776754139786     0.100000000274     0.094115707127     0.093642960054
     8.776754140786     0.099999997144     0.094115707127     0.093642960058
     8.786754140786     0.069511116796     0.094115333873     0.093670480113
     8.796754140786     0.044515666147     0.094114765075     0.093666312385
     8.806754140786     0.029794712709     0.094114101418     0.093632454829
     8.816754140786     0.028047124361     0.094113453880     0.093575116448
     8.826754140786     0.039398069504     0.094112925442     0.093503632940
     8.836754140786     0.061417366958     0.094112594976     0.093428977325
     8.846754140786     0.089635640187     0.094112505782     0.093362099044
     8.850351158969     0.100239647914     0.094112534451     0.093341816096
     8.860351158969     0.129082905612     0.094112769662     0.093299974628
     8.870351158969     0.156945163309     0.094113190559     0.093283145534
     8.880351158969     0.183826421007     0.094113720638     0.093292664882
     8.890351158969     0.209726678705     0.094114269629     0.093325994792
     8.900351158969     0.234645936402     0.094114748635     0.093377261389
     8.910351158969     0.258584194100     0.094115084308     0.093438252129
     8.920351158969     0.281541451798     0.094115229850     0.093499707857
     8.930351158969     0.303517709495     0.094115171211     0.093552709558
     8.940351158969     0.324512967193     0.094114927747     0.093589954827
     8.950351158969     0.344527224891     0.094114547489     0.093606744086
     8.960351158969     0.363560482588     0.094114098044     0.093601546523
     8.970351158969     0.381612740286     0.094113654810     0.093576082298
     8.980351158969     0.398683997984     0.094113288512     0.093534930409
     8.990351158969     0.414774255681     0.094113054095     0.093484739857
     9.000351158969     0.429883513379     0.094112982693     0.093433175804
     9.010351158969     0.444011771076     0.094113077795     0.093387764971
     9.020351158969     0.457159028774     0.094113316040     0.093354811886
     9.030351158969     0.469325286472     0.094113652268     0.093338539800
     9.040351158969     0.480510544169     0.094114027820     0.093340570769
     9.050351158969     0.490714801867     0.094114380595     0.093359805252
     9.060351158969     0.499938059565     0.094114655173     0.093392701096
     9.070351158969     0.508180317262     0.094114811368     0.093433893915
     9.080351158969     0.515441574960     0.094114829923     0.093477054021
     9.090351158969     0.521721832658     0.094114714580     0.093515845424
     9.100351158969     0.527021090355     0.094114490352     0.093544843532
     9.110351158969     0.531339348053     0.094114198483     0.093560280504
     9.120351158969     0.534676605751     0.094113889044     0.093560517912
     9.130351158969     0.537032863448     0.094113612479     0.093546190266
     9.140351158969     0.538408121146     0.094113411503     0.093520013118
     9.150351158969     0.538802378844     0.094113314636     0.093486298281
     9.160351158969     0.538215636541     0.094113332323     0.093450259243
     9.170351158969     0.536647894239     0.094113456141     0.093417216598
     9.180351158969     0.534099151937     0.094113661072     0.093391822933
     9.190351158969     0.530569409634     0.094113910320     0.093377418543
     9.200351158969     0.526058667332     0.094114161782     0.093375605524
     9.210351158969     0.520566925030     0.094114375053     0.093386092284
     9.220351158969     0.514094182727     0.094114517819     0.093406819106
     9.230351158969     0.506640440425     0.094114570642     0.093434334191
     9.240351158969     0.498205698123     0.094114529444     0.093464354729
     9.250351158969     0.488789955820     0.094114405413     0.093492423606
     9.260351158969     0.478393213518     0.094114222465     0.093514562442
     9.270351158969     0.467015471215     0.094114012791     0.093527826584
     9.280351158969     0.454656728913     0.094113811294     0.093530685983
     9.290351158969     0.441316986611     0.094113649865     0.093523184491
     9.300351158969     0.426996244308     0.094113552419     0.093506864246
     9.310351158969     0.411694502006     0.094113531451     0.093484476445
     9.320351158969     0.395411759704     0.094113586589     0.093459529768
     9.330351158969     0.378148017401     0.094113705286     0.093435749008
     9.340351158969     0.359903275099     0.094113865421     0.093416526218
     9.350351158969     0.340677532797     0.094114039312     0.093404444201
     9.360351158969     0.320470790494     0.094114198421     0.093400938143
     9.370351158969     0.299283048192     0.094114317972     0.093406138304
     9.380351158969     0.277114305890     0.094114380738     0.093418908588
     9.390351158969     0.253964563587     0.094114379429     0.093437066768
     9.400351158969     0.229833821285     0.094114317381     0.093457746505
     9.410351158969     0.204722078983     0.094114207500     0.093477842485
     9.420351158969     0.178629336680     0.094114069727     0.093494470579
     9.430351158969     0.151555594378     0.094113927501     0.093505375713
     9.440351158969     0.123500852076     0.094113803829     0.093509230717
     9.448444925553     0.100075677321     0.094113730489     0.093506982460
     9.448470295309     0.100001241227     0.094113730306     0.093506968153
     9.448470711379     0.100000020404     0.094113730303     0.093506967918
     9.448470718220     0.100000000333     0.094113730302     0.093506967914
     9.448470719220     0.099999997398     0.094113730302     0.093506967914
     9.458470719220     0.071391685687     0.094113683726     0.093498156630
     9.468470719220     0.047878992263     0.094113690105     0.093484208171
     9.478470719220     0.033960561363     0.094113745832     0.093467368292
     9.488470719220     0.032190125362     0.094113839571     0.093450202586
     9.498470719220     0.042711015570     0.094113954446     0.093435210919
     9.508470719220     0.063268259311     0.094114071019     0.093424468353
     9.518470719220     0.089687972606     0.094114170524     0.093419343381
     9.522285062881     0.100228226712     0.094114200656     0.093419001770
     9.532285062881     0.127221360244     0.094114252904     0.093422259991
     9.542285062881     0.153233493777     0.094114262076     0.093430839435
     9.552285062881     0.178264627310     0.094114228803     0.093443263661
     9.562285062881     0.202314760842     0.094114160488     0.093457564491
     9.572285062881     0.225383894375     0.094114069787     0.093471588637
     9.582285062881     0.247472027907     0.094113972327     0.093483317632
     9.592285062881     0.268579161440     0.094113884055     0.093491154166
     9.602285062881     0.288705294972     0.094113818669     0.093494134835
     9.612285062881     0.307850428505     0.094113785530     0.093492041741
     9.622285062881     0.326014562038     0.094113788376     0.093485401238
     9.632285062881     0.343197695570     0.094113824996     0.093475374962
     9.642285062881     0.359399829103     0.094113887873     0.093463563677
     9.652285062881     0.374620962635     0.094113965652     0.093451756164
     9.662285062881     0.388861096168     0.094114045141     0.093441661941
     9.672285062881     0.402120229700     0.094114113519     0.093434667214
     9.682285062881     0.414398363233     0.094114160371     0.093431648394
     9.692285062881     0.425695496766     0.094114179238     0.093432867626
     9.702285062881     0.436011630298     0.094114168462     0.093437961866
     9.712285062881     0.445346763831     0.094114131216     0.093446022961
     9.722285062881     0.453700897363     0.094114074760     0.093455753133
     9.732285062881     0.461074030896     0.094114009077     0.093465670039
     9.742285062881     0.467466164428     0.094113945143     0.093474329532
     9.752285062881     0.472877297961     0.094113893119     0.093480533085
     9.762285062881     0.477307431494     0.094113860760     0.093483490528
     9.772285062881     0.480756565026     0.094113852292     0.093482916484
     9.782285062881     0.483224698559     0.094113867907     0.093479049484
     9.792285062881     0.484711832091     0.094113903928     0.093472594367
     9.802285062881     0.485217965624     0.094113953588     0.093464599705
     9.812285062881     0.484743099156     0.094114008263     0.093456290844
     9.822285062881     0.483287232689     0.094114058947     0.093448884703
     9.832285062881     0.480850366222     0.094114097712     0.093443413936
     9.842285062881     0.477432499754     0.094114118929     0.093440585519
     9.852285062881     0.473033633287     0.094114120052     0.093440692714
     9.862285062881     0.467653766819     0.094114101883     0.093443590813
     9.872285062881     0.461292900352     0.094114068273     0.093448737361
     9.882285062881     0.453951033884     0.094114025362     0.093455288212
     9.892285062881     0.445628167417     0.094113980480     0.093462233029
     9.902285062881     0.436324300950     0.094113940915     0.093468548891
     9.912285062881     0.426039434482     0.094113912748     0.093473348964
     9.922285062881     0.414773568015     0.094113899937     0.093476004923
     9.932285062881     0.402526701547     0.094113903786     0.093476226549
     9.942285062881     0.389298835080     0.094113922865     0.093474088880
     9.952285062881     0.375089968612     0.094113953375     0.093470005269
     9.962285062881     0.359900102145     0.094113989868     0.093464652640
     9.972285062881     0.343729235678     0.094114026204     0.093458861881
     9.982285062881     0.326577369210     0.094114056569     0.093453490750
     9.992285062881     0.308444502743     0.094114076388     0.093449298501
    10.000000000000     0.293784745769     0.094114082712     0.093447229543
