     0.000000000000    10.000000000000
     0.010000000000    10.000000000000
     0.020000000000     9.999019000000
     0.030000000000     9.997057000000
     0.040000000000     9.994114000000
     0.050000000000     9.990190000000
     0.060000000000     9.985285000000
     0.070000000000     9.979399000000
     0.080000000000     9.972532000000
     0.090000000000     9.964684000000
     0.100000000000     9.955855000000
     0.110000000000     9.946045000000
     0.120000000000     9.935254000000
     0.130000000000     9.923482000000
     0.140000000000     9.910729000000
     0.150000000000     9.896995000000
     0.160000000000     9.882280000000
     0.170000000000     9.866584000000
     0.180000000000     9.849907000000
     0.190000000000     9.832249000000
     0.200000000000     9.813610000000
     0.210000000000     9.793990000000
     0.220000000000     9.773389000000
     0.230000000000     9.751807000000
     0.240000000000     9.729244000000
     0.250000000000     9.705700000000
     0.260000000000     9.681175000000
     0.270000000000     9.655669000000
     0.280000000000     9.629182000000
     0.290000000000     9.601714000000
     0.300000000000     9.573265000000
     0.310000000000     9.543835000000
     0.320000000000     9.513424000000
     0.330000000000     9.482032000000
     0.340000000000     9.449659000000
     0.350000000000     9.416305000000
     0.360000000000     9.381970000000
     0.370000000000     9.346654000000
     0.380000000000     9.310357000000
     0.390000000000     9.273079000000
     0.400000000000     9.234820000000
     0.410000000000     9.195580000000
     0.420000000000     9.155359000000
     0.430000000000     9.114157000000
     0.440000000000     9.071974000000
     0.450000000000     9.028810000000
     0.460000000000     8.984665000000
     0.470000000000     8.939539000000
     0.480000000000     8.893432000000
     0.490000000000     8.846344000000
     0.500000000000     8.798275000000
     0.510000000000     8.749225000000
     0.520000000000     8.699194000000
     0.530000000000     8.648182000000
     0.540000000000     8.596189000000
     0.550000000000     8.543215000000
     0.560000000000     8.489260000000
     0.570000000000     8.434324000000
     0.580000000000     8.378407000000
     0.590000000000     8.321509000000
     0.600000000000     8.263630000000
     0.610000000000     8.204770000000
     0.620000000000     8.144929000000
     0.630000000000     8.084107000000
     0.640000000000     8.022304000000
     0.650000000000     7.959520000000
     0.660000000000     7.895755000000
     0.670000000000     7.831009000000
     0.680000000000     7.765282000000
     0.690000000000     7.698574000000
     0.700000000000     7.630885000000
     0.710000000000     7.562215000000
     0.720000000000     7.492564000000
     0.730000000000     7.421932000000
     0.740000000000     7.350319000000
     0.750000000000     7.277725000000
     0.760000000000     7.204150000000
     0.770000000000     7.129594000000
     0.780000000000     7.054057000000
     0.790000000000     6.977539000000
     0.800000000000     6.900040000000
     0.810000000000     6.821560000000
     0.820000000000     6.742099000000
     0.830000000000     6.661657000000
     0.840000000000     6.580234000000
     0.850000000000     6.497830000000
     0.860000000000     6.414445000000
     0.870000000000     6.330079000000
     0.880000000000     6.244732000000
     0.890000000000     6.158404000000
     0.900000000000     6.071095000000
     0.910000000000     5.982805000000
     0.920000000000     5.893534000000
     0.930000000000     5.803282000000
     0.940000000000     5.712049000000
     0.950000000000     5.619835000000
     0.960000000000     5.526640000000
     0.970000000000     5.432464000000
     0.980000000000     5.337307000000
     0.990000000000     5.241169000000
     1.000000000000     5.144050000000
     1.010000000000     5.045950000000
     1.020000000000     4.946869000000
     1.030000000000     4.846807000000
     1.040000000000     4.745764000000
     1.050000000000     4.643740000000
     1.060000000000     4.540735000000
     1.070000000000     4.436749000000
     1.080000000000     4.331782000000
     1.090000000000     4.225834000000
     1.100000000000     4.118905000000
     1.110000000000     4.010995000000
     1.120000000000     3.902104000000
     1.130000000000     3.792232000000
     1.140000000000     3.681379000000
     1.150000000000     3.569545000000
     1.160000000000     3.456730000000
     1.170000000000     3.342934000000
     1.180000000000     3.228157000000
     1.190000000000     3.112399000000
     1.200000000000     2.995660000000
     1.210000000000     2.877940000000
     1.220000000000     2.759239000000
     1.230000000000     2.639557000000
     1.240000000000     2.518894000000
     1.250000000000     2.397250000000
     1.260000000000     2.274625000000
     1.270000000000     2.151019000000
     1.280000000000     2.026432000000
     1.290000000000     1.900864000000
     1.300000000000     1.774315000000
     1.310000000000     1.646785000000
     1.320000000000     1.518274000000
     1.330000000000     1.388782000000
     1.340000000000     1.258309000000
     1.350000000000     1.126855000000
     1.360000000000     0.994420000000
     1.370000000000     0.861004000000
     1.380000000000     0.726607000000
     1.390000000000     0.591229000000
     1.400000000000     0.454870000000
     1.410000000000     0.317530000000
     1.420000000000     0.179209000000
     1.430000000000     0.039907000000
     1.440000000000    -0.100376000000
     1.450000000000    -0.241640000000
     1.460000000000    -0.383885000000
     1.470000000000    -0.527111000000
     1.480000000000    -0.671318000000
     1.490000000000    -0.816506000000
     1.500000000000    -0.962675000000
     1.510000000000    -1.109825000000
     1.520000000000    -1.257956000000
     1.530000000000    -1.407068000000
     1.540000000000    -1.557161000000
     1.550000000000    -1.708235000000
     1.560000000000    -1.860290000000
     1.570000000000    -2.013326000000
     1.580000000000    -2.167343000000
     1.590000000000    -2.322341000000
     1.600000000000    -2.478320000000
     1.610000000000    -2.635280000000
     1.620000000000    -2.793221000000
     1.630000000000    -2.952143000000
     1.640000000000    -3.112046000000
     1.650000000000    -3.272930000000
     1.660000000000    -3.434795000000
     1.670000000000    -3.597641000000
     1.680000000000    -3.761468000000
     1.690000000000    -3.926276000000
     1.700000000000    -4.092065000000
     1.710000000000    -4.258835000000
     1.720000000000    -4.426586000000
     1.730000000000    -4.595318000000
     1.740000000000    -4.765031000000
     1.750000000000    -4.935725000000
     1.760000000000    -5.107400000000
     1.770000000000    -5.280056000000
     1.780000000000    -5.453693000000
     1.790000000000    -5.628311000000
     1.800000000000    -5.803910000000
     1.810000000000    -5.980490000000
     1.820000000000    -6.158051000000
     1.830000000000    -6.336593000000
     1.840000000000    -6.516116000000
     1.850000000000    -6.696620000000
     1.860000000000    -6.878105000000
     1.870000000000    -7.060571000000
     1.880000000000    -7.244018000000
     1.890000000000    -7.428446000000
     1.900000000000    -7.613855000000
     1.910000000000    -7.800245000000
     1.920000000000    -7.987616000000
     1.930000000000    -8.175968000000
     1.940000000000    -8.365301000000
     1.950000000000    -8.555615000000
     1.960000000000    -8.746910000000
     1.970000000000    -8.939186000000
     1.980000000000    -9.132443000000
     1.990000000000    -9.326681000000
     2.000000000000    -9.521900000000
     2.010000000000    -9.718100000000
     2.020000000000    -9.915281000000
     2.030000000000   -10.113443000000
     2.040000000000   -10.312586000000
     2.050000000000   -10.512710000000
     2.060000000000   -10.713815000000
     2.070000000000   -10.915901000000
     2.080000000000   -11.118968000000
     2.090000000000   -11.323016000000
     2.100000000000   -11.528045000000
     2.110000000000   -11.734055000000
     2.120000000000   -11.941046000000
     2.130000000000   -12.149018000000
     2.140000000000   -12.357971000000
     2.150000000000   -12.567905000000
     2.160000000000   -12.778820000000
     2.170000000000   -12.990716000000
     2.180000000000   -13.203593000000
     2.190000000000   -13.417451000000
     2.200000000000   -13.632290000000
     2.210000000000   -13.848110000000
     2.220000000000   -14.064911000000
     2.230000000000   -14.282693000000
     2.240000000000   -14.501456000000
     2.250000000000   -14.721200000000
     2.260000000000   -14.941925000000
     2.270000000000   -15.163631000000
     2.280000000000   -15.386318000000
     2.290000000000   -15.609986000000
     2.300000000000   -15.834635000000
     2.310000000000   -16.060265000000
     2.320000000000   -16.286876000000
     2.330000000000   -16.514468000000
     2.340000000000   -16.743041000000
     2.350000000000   -16.972595000000
     2.360000000000   -17.203130000000
     2.370000000000   -17.434646000000
     2.380000000000   -17.667143000000
     2.390000000000   -17.900621000000
     2.400000000000   -18.135080000000
     2.410000000000   -18.370520000000
     2.420000000000   -18.606941000000
     2.430000000000   -18.844343000000
     2.440000000000   -19.082726000000
     2.450000000000   -19.322090000000
     2.460000000000   -19.562435000000
     2.470000000000   -19.803761000000
     2.480000000000   -20.046068000000
     2.490000000000   -20.289356000000
     2.500000000000   -20.533625000000
     2.510000000000   -20.778875000000
     2.520000000000   -21.025106000000
     2.530000000000   -21.272318000000
     2.540000000000   -21.520511000000
     2.550000000000   -21.769685000000
     2.560000000000   -22.019840000000
     2.570000000000   -22.270976000000
     2.580000000000   -22.523093000000
     2.590000000000   -22.776191000000
     2.600000000000   -23.030270000000
     2.610000000000   -23.285330000000
     2.620000000000   -23.541371000000
     2.630000000000   -23.798393000000
     2.640000000000   -24.056396000000
     2.650000000000   -24.315380000000
     2.660000000000   -24.575345000000
     2.670000000000   -24.836291000000
     2.680000000000   -25.098218000000
     2.690000000000   -25.361126000000
     2.700000000000   -25.625015000000
     2.710000000000   -25.889885000000
     2.720000000000   -26.155736000000
     2.730000000000   -26.422568000000
     2.740000000000   -26.690381000000
     2.750000000000   -26.959175000000
     2.760000000000   -27.228950000000
     2.770000000000   -27.499706000000
     2.780000000000   -27.771443000000
     2.790000000000   -28.044161000000
     2.800000000000   -28.317860000000
     2.810000000000   -28.592540000000
     2.820000000000   -28.868201000000
     2.830000000000   -29.144843000000
     2.840000000000   -29.422466000000
     2.850000000000   -29.701070000000
     2.860000000000   -29.980655000000
     2.870000000000   -30.261221000000
     2.880000000000   -30.542768000000
     2.890000000000   -30.825296000000
     2.900000000000   -31.108805000000
     2.910000000000   -31.393295000000
     2.920000000000   -31.678766000000
     2.930000000000   -31.965218000000
     2.940000000000   -32.252651000000
     2.950000000000   -32.541065000000
     2.960000000000   -32.830460000000
     2.970000000000   -33.120836000000
     2.980000000000   -33.412193000000
     2.990000000000   -33.704531000000
     3.000000000000   -33.997850000000
     3.010000000000   -34.292150000000
     3.020000000000   -34.587431000000
     3.030000000000   -34.883693000000
     3.040000000000   -35.180936000000
     3.050000000000   -35.479160000000
     3.060000000000   -35.778365000000
     3.070000000000   -36.078551000000
     3.080000000000   -36.379718000000
     3.090000000000   -36.681866000000
     3.100000000000   -36.984995000000
     3.110000000000   -37.289105000000
     3.120000000000   -37.594196000000
     3.130000000000   -37.900268000000
     3.140000000000   -38.207321000000
     3.150000000000   -38.515355000000
     3.160000000000   -38.824370000000
     3.170000000000   -39.134366000000
     3.180000000000   -39.445343000000
     3.190000000000   -39.757301000000
     3.200000000000   -40.070240000000
     3.210000000000   -40.384160000000
     3.220000000000   -40.699061000000
     3.230000000000   -41.014943000000
     3.240000000000   -41.331806000000
     3.250000000000   -41.649650000000
     3.260000000000   -41.968475000000
     3.270000000000   -42.288281000000
     3.280000000000   -42.609068000000
     3.290000000000   -42.930836000000
     3.300000000000   -43.253585000000
     3.310000000000   -43.577315000000
     3.320000000000   -43.902026000000
     3.330000000000   -44.227718000000
     3.340000000000   -44.554391000000
     3.350000000000   -44.882045000000
     3.360000000000   -45.210680000000
     3.370000000000   -45.540296000000
     3.380000000000   -45.870893000000
     3.390000000000   -46.202471000000
     3.400000000000   -46.535030000000
     3.410000000000   -46.868570000000
     3.420000000000   -47.203091000000
     3.430000000000   -47.538593000000
     3.440000000000   -47.875076000000
     3.450000000000   -48.212540000000
     3.460000000000   -48.550985000000
     3.470000000000   -48.890411000000
     3.480000000000   -49.230818000000
     3.490000000000   -49.572206000000
     3.500000000000   -49.914575000000
     3.510000000000   -50.257925000000
     3.520000000000   -50.602256000000
     3.530000000000   -50.947568000000
     3.540000000000   -51.293861000000
     3.550000000000   -51.641135000000
     3.560000000000   -51.989390000000
     3.570000000000   -52.338626000000
     3.580000000000   -52.688843000000
     3.590000000000   -53.040041000000
     3.600000000000   -53.392220000000
     3.610000000000   -53.745380000000
     3.620000000000   -54.099521000000
     3.630000000000   -54.454643000000
     3.640000000000   -54.810746000000
     3.650000000000   -55.167830000000
     3.660000000000   -55.525895000000
     3.670000000000   -55.884941000000
     3.680000000000   -56.244968000000
     3.690000000000   -56.605976000000
     3.700000000000   -56.967965000000
     3.710000000000   -57.330935000000
     3.720000000000   -57.694886000000
     3.730000000000   -58.059818000000
     3.740000000000   -58.425731000000
     3.750000000000   -58.792625000000
     3.760000000000   -59.160500000000
     3.770000000000   -59.529356000000
     3.780000000000   -59.899193000000
     3.790000000000   -60.270011000000
     3.800000000000   -60.641810000000
     3.810000000000   -61.014590000000
     3.820000000000   -61.388351000000
     3.830000000000   -61.763093000000
     3.840000000000   -62.138816000000
     3.850000000000   -62.515520000000
     3.860000000000   -62.893205000000
     3.870000000000   -63.271871000000
     3.880000000000   -63.651518000000
     3.890000000000   -64.032146000000
     3.900000000000   -64.413755000000
     3.910000000000   -64.796345000000
     3.920000000000   -65.179916000000
     3.930000000000   -65.564468000000
     3.940000000000   -65.950001000000
     3.950000000000   -66.336515000000
     3.960000000000   -66.724010000000
     3.970000000000   -67.112486000000
     3.980000000000   -67.501943000000
     3.990000000000   -67.892381000000
     4.000000000000   -68.283800000000
     4.010000000000   -68.676200000000
     4.020000000000   -69.069581000000
     4.030000000000   -69.463943000000
     4.040000000000   -69.859286000000
     4.050000000000   -70.255610000000
     4.060000000000   -70.652915000000
     4.070000000000   -71.051201000000
     4.080000000000   -71.450468000000
     4.090000000000   -71.850716000000
     4.100000000000   -72.251945000000
     4.110000000000   -72.654155000000
     4.120000000000   -73.057346000000
     4.130000000000   -73.461518000000
     4.140000000000   -73.866671000000
     4.150000000000   -74.272805000000
     4.160000000000   -74.679920000000
     4.170000000000   -75.088016000000
     4.180000000000   -75.497093000000
     4.190000000000   -75.907151000000
     4.200000000000   -76.318190000000
     4.210000000000   -76.730210000000
     4.220000000000   -77.143211000000
     4.230000000000   -77.557193000000
     4.240000000000   -77.972156000000
     4.250000000000   -78.388100000000
     4.260000000000   -78.805025000000
     4.270000000000   -79.222931000000
     4.280000000000   -79.641818000000
     4.290000000000   -80.061686000000
     4.300000000000   -80.482535000000
     4.310000000000   -80.904365000000
     4.320000000000   -81.327176000000
     4.330000000000   -81.750968000000
     4.340000000000   -82.175741000000
     4.350000000000   -82.601495000000
     4.360000000000   -83.028230000000
     4.370000000000   -83.455946000000
     4.380000000000   -83.884643000000
     4.390000000000   -84.314321000000
     4.400000000000   -84.744980000000
     4.410000000000   -85.176620000000
     4.420000000000   -85.609241000000
     4.430000000000   -86.042843000000
     4.440000000000   -86.477426000000
     4.450000000000   -86.912990000000
     4.460000000000   -87.349535000000
     4.470000000000   -87.787061000000
     4.480000000000   -88.225568000000
     4.490000000000   -88.665056000000
     4.500000000000   -89.105525000000
     4.510000000000   -89.546975000000
     4.520000000000   -89.989406000000
     4.530000000000   -90.432818000000
     4.540000000000   -90.877211000000
     4.550000000000   -91.322585000000
     4.560000000000   -91.768940000000
     4.570000000000   -92.216276000000
     4.580000000000   -92.664593000000
     4.590000000000   -93.113891000000
     4.600000000000   -93.564170000000
     4.610000000000   -94.015430000000
     4.620000000000   -94.467671000000
     4.630000000000   -94.920893000000
     4.640000000000   -95.375096000000
     4.650000000000   -95.830280000000
     4.660000000000   -96.286445000000
     4.670000000000   -96.743591000000
     4.680000000000   -97.201718000000
     4.690000000000   -97.660826000000
     4.700000000000   -98.120915000000
     4.710000000000   -98.581985000000
     4.720000000000   -99.044036000000
     4.730000000000   -99.507068000000
     4.740000000000   -99.971081000000
     4.750000000000  -100.436075000000
     4.760000000000  -100.902050000000
     4.770000000000  -101.369006000000
     4.780000000000  -101.836943000000
     4.790000000000  -102.305861000000
     4.800000000000  -102.775760000000
     4.810000000000  -103.246640000000
     4.820000000000  -103.718501000000
     4.830000000000  -104.191343000000
     4.840000000000  -104.665166000000
     4.850000000000  -105.139970000000
     4.860000000000  -105.615755000000
     4.870000000000  -106.092521000000
     4.880000000000  -106.570268000000
     4.890000000000  -107.048996000000
     4.900000000000  -107.528705000000
     4.910000000000  -108.009395000000
     4.920000000000  -108.491066000000
     4.930000000000  -108.973718000000
     4.940000000000  -109.457351000000
     4.950000000000  -109.941965000000
     4.960000000000  -110.427560000000
     4.970000000000  -110.914136000000
     4.980000000000  -111.401693000000
     4.990000000000  -111.890231000000
     5.000000000000  -112.379750000000
     5.000000000000  -112.379750000003
